{
 "cells": [
  {
   "cell_type": "code",
   "execution_count": 25,
   "metadata": {},
   "outputs": [],
   "source": [
    "import numpy as np\n",
    "import cvxpy as cp\n",
    "from scipy.linalg import expm, sqrtm\n",
    "import pickle\n",
    "import matplotlib.pyplot as plt\n",
    "import cmath\n",
    "import dynamiqs as dq\n",
    "from qutip import *\n",
    "import math\n",
    "import qutip as qt\n",
    "import jax.numpy as jnp"
   ]
  },
  {
   "cell_type": "code",
   "execution_count": 2,
   "metadata": {},
   "outputs": [],
   "source": [
    "def fidelity(rho, rho_ref):\n",
    "    # Compute the square root of the reference density matrix.\n",
    "    sqrt_rho_ref = sqrtm(rho_ref)\n",
    "\n",
    "    #Compute the intermediate product sqrt(rho_ref) * rho * sqrt(rho_ref)\n",
    "    intermediate = sqrt_rho_ref @ rho @ sqrt_rho_ref\n",
    "    \n",
    "    #Compute the square root of the intermediate product.\n",
    "    sqrt_intermediate = sqrtm(intermediate)\n",
    "\n",
    "    #Calculate the trace and ensure the result is real (to avoid small imaginary parts).\n",
    "    fidelity_value = np.trace(sqrt_intermediate)\n",
    "    fidelity_value = np.real(fidelity_value)\n",
    "\n",
    "    #Return fidelity squared.\n",
    "    return fidelity_value**2"
   ]
  },
  {
   "cell_type": "code",
   "execution_count": 3,
   "metadata": {},
   "outputs": [],
   "source": [
    "def operator_for_alpha(alpha, n):\n",
    "    a = np.zeros((n, n), dtype=complex)\n",
    "    for j in range(1, n):\n",
    "        a[j - 1, j] = np.sqrt(j)\n",
    "    ad = a.conjugate().T\n",
    "    D_alpha = expm(alpha * ad - np.conjugate(alpha) * a)\n",
    "    P = np.diag([(-1)**j for j in range(n)])  # Fixed exponentiation\n",
    "    DPD = D_alpha @ P @ D_alpha.conjugate().T\n",
    "    I = np.eye(n, dtype=complex)\n",
    "    E_alpha = 0.5 * (I + DPD)\n",
    "    return E_alpha"
   ]
  },
  {
   "cell_type": "code",
   "execution_count": 4,
   "metadata": {},
   "outputs": [],
   "source": [
    "def compute_model_wigner(rho, E_alpha):\n",
    "    p_alpha = cp.real(cp.trace(rho @ E_alpha))\n",
    "    W_model = (2 / np.pi) * (2 * p_alpha - 1)  # Fixed syntax\n",
    "    return W_model"
   ]
  },
  {
   "cell_type": "markdown",
   "metadata": {},
   "source": [
    "## Real Data"
   ]
  },
  {
   "cell_type": "code",
   "execution_count": 5,
   "metadata": {},
   "outputs": [
    {
     "name": "stdout",
     "output_type": "stream",
     "text": [
      "[-0.4        -0.39191919 -0.38383838 -0.37575758 -0.36767677 -0.35959596\n",
      " -0.35151515 -0.34343434 -0.33535354 -0.32727273 -0.31919192 -0.31111111\n",
      " -0.3030303  -0.29494949 -0.28686869 -0.27878788 -0.27070707 -0.26262626\n",
      " -0.25454545 -0.24646465 -0.23838384 -0.23030303 -0.22222222 -0.21414141\n",
      " -0.20606061 -0.1979798  -0.18989899 -0.18181818 -0.17373737 -0.16565657\n",
      " -0.15757576 -0.14949495 -0.14141414 -0.13333333 -0.12525253 -0.11717172\n",
      " -0.10909091 -0.1010101  -0.09292929 -0.08484848 -0.07676768 -0.06868687\n",
      " -0.06060606 -0.05252525 -0.04444444 -0.03636364 -0.02828283 -0.02020202\n",
      " -0.01212121 -0.0040404   0.0040404   0.01212121  0.02020202  0.02828283\n",
      "  0.03636364  0.04444444  0.05252525  0.06060606  0.06868687  0.07676768\n",
      "  0.08484848  0.09292929  0.1010101   0.10909091  0.11717172  0.12525253\n",
      "  0.13333333  0.14141414  0.14949495  0.15757576  0.16565657  0.17373737\n",
      "  0.18181818  0.18989899  0.1979798   0.20606061  0.21414141  0.22222222\n",
      "  0.23030303  0.23838384  0.24646465  0.25454545  0.26262626  0.27070707\n",
      "  0.27878788  0.28686869  0.29494949  0.3030303   0.31111111  0.31919192\n",
      "  0.32727273  0.33535354  0.34343434  0.35151515  0.35959596  0.36767677\n",
      "  0.37575758  0.38383838  0.39191919  0.4       ] [-0.4        -0.39191919 -0.38383838 -0.37575758 -0.36767677 -0.35959596\n",
      " -0.35151515 -0.34343434 -0.33535354 -0.32727273 -0.31919192 -0.31111111\n",
      " -0.3030303  -0.29494949 -0.28686869 -0.27878788 -0.27070707 -0.26262626\n",
      " -0.25454545 -0.24646465 -0.23838384 -0.23030303 -0.22222222 -0.21414141\n",
      " -0.20606061 -0.1979798  -0.18989899 -0.18181818 -0.17373737 -0.16565657\n",
      " -0.15757576 -0.14949495 -0.14141414 -0.13333333 -0.12525253 -0.11717172\n",
      " -0.10909091 -0.1010101  -0.09292929 -0.08484848 -0.07676768 -0.06868687\n",
      " -0.06060606 -0.05252525 -0.04444444 -0.03636364 -0.02828283 -0.02020202\n",
      " -0.01212121 -0.0040404   0.0040404   0.01212121  0.02020202  0.02828283\n",
      "  0.03636364  0.04444444  0.05252525  0.06060606  0.06868687  0.07676768\n",
      "  0.08484848  0.09292929  0.1010101   0.10909091  0.11717172  0.12525253\n",
      "  0.13333333  0.14141414  0.14949495  0.15757576  0.16565657  0.17373737\n",
      "  0.18181818  0.18989899  0.1979798   0.20606061  0.21414141  0.22222222\n",
      "  0.23030303  0.23838384  0.24646465  0.25454545  0.26262626  0.27070707\n",
      "  0.27878788  0.28686869  0.29494949  0.3030303   0.31111111  0.31919192\n",
      "  0.32727273  0.33535354  0.34343434  0.35151515  0.35959596  0.36767677\n",
      "  0.37575758  0.38383838  0.39191919  0.4       ] [[-0.01540593  0.00845651 -0.01069751 ...  0.0044436   0.01377636\n",
      "  -0.01771732]\n",
      " [-0.00712651  0.020308    0.00827874 ...  0.00342832  0.0052629\n",
      "   0.01071538]\n",
      " [ 0.01331536 -0.00372868 -0.01349125 ... -0.01186144  0.00941806\n",
      "   0.00521707]\n",
      " ...\n",
      " [ 0.01214651  0.01636296 -0.01891001 ...  0.01832884  0.01617935\n",
      "  -0.0199985 ]\n",
      " [ 0.00754274 -0.01441213 -0.00515361 ...  0.01360354  0.0146936\n",
      "  -0.01903264]\n",
      " [ 0.02090576  0.00926988  0.01773807 ... -0.00443857 -0.01995209\n",
      "  -0.02982026]]\n",
      "100 100 100\n"
     ]
    }
   ],
   "source": [
    "file_path = \"data/wigner_fock_zero.pickle\"  # Update this if needed\n",
    "with open(file_path, \"rb\") as f:\n",
    "    data = pickle.load(f)\n",
    "\n",
    "x = data[0]  # 1D array for Re(α)\n",
    "y = data[1]  # 1D array for Im(α)\n",
    "W = data[2]  # 2D array for Wigner function values\n",
    "print(x,y,W)\n",
    "print(len(x),len(y),len(W))"
   ]
  },
  {
   "cell_type": "markdown",
   "metadata": {},
   "source": [
    "## Simulated Data"
   ]
  },
  {
   "cell_type": "markdown",
   "metadata": {},
   "source": [
    "### fock zero"
   ]
  },
  {
   "cell_type": "code",
   "execution_count": 20,
   "metadata": {},
   "outputs": [
    {
     "name": "stdout",
     "output_type": "stream",
     "text": [
      "[-3.         -2.93939394 -2.87878788 -2.81818182 -2.75757576 -2.6969697\n",
      " -2.63636364 -2.57575758 -2.51515152 -2.45454545 -2.39393939 -2.33333333\n",
      " -2.27272727 -2.21212121 -2.15151515 -2.09090909 -2.03030303 -1.96969697\n",
      " -1.90909091 -1.84848485 -1.78787879 -1.72727273 -1.66666667 -1.60606061\n",
      " -1.54545455 -1.48484848 -1.42424242 -1.36363636 -1.3030303  -1.24242424\n",
      " -1.18181818 -1.12121212 -1.06060606 -1.         -0.93939394 -0.87878788\n",
      " -0.81818182 -0.75757576 -0.6969697  -0.63636364 -0.57575758 -0.51515152\n",
      " -0.45454545 -0.39393939 -0.33333333 -0.27272727 -0.21212121 -0.15151515\n",
      " -0.09090909 -0.03030303  0.03030303  0.09090909  0.15151515  0.21212121\n",
      "  0.27272727  0.33333333  0.39393939  0.45454545  0.51515152  0.57575758\n",
      "  0.63636364  0.6969697   0.75757576  0.81818182  0.87878788  0.93939394\n",
      "  1.          1.06060606  1.12121212  1.18181818  1.24242424  1.3030303\n",
      "  1.36363636  1.42424242  1.48484848  1.54545455  1.60606061  1.66666667\n",
      "  1.72727273  1.78787879  1.84848485  1.90909091  1.96969697  2.03030303\n",
      "  2.09090909  2.15151515  2.21212121  2.27272727  2.33333333  2.39393939\n",
      "  2.45454545  2.51515152  2.57575758  2.63636364  2.6969697   2.75757576\n",
      "  2.81818182  2.87878788  2.93939394  3.        ] [-3.         -2.93939394 -2.87878788 -2.81818182 -2.75757576 -2.6969697\n",
      " -2.63636364 -2.57575758 -2.51515152 -2.45454545 -2.39393939 -2.33333333\n",
      " -2.27272727 -2.21212121 -2.15151515 -2.09090909 -2.03030303 -1.96969697\n",
      " -1.90909091 -1.84848485 -1.78787879 -1.72727273 -1.66666667 -1.60606061\n",
      " -1.54545455 -1.48484848 -1.42424242 -1.36363636 -1.3030303  -1.24242424\n",
      " -1.18181818 -1.12121212 -1.06060606 -1.         -0.93939394 -0.87878788\n",
      " -0.81818182 -0.75757576 -0.6969697  -0.63636364 -0.57575758 -0.51515152\n",
      " -0.45454545 -0.39393939 -0.33333333 -0.27272727 -0.21212121 -0.15151515\n",
      " -0.09090909 -0.03030303  0.03030303  0.09090909  0.15151515  0.21212121\n",
      "  0.27272727  0.33333333  0.39393939  0.45454545  0.51515152  0.57575758\n",
      "  0.63636364  0.6969697   0.75757576  0.81818182  0.87878788  0.93939394\n",
      "  1.          1.06060606  1.12121212  1.18181818  1.24242424  1.3030303\n",
      "  1.36363636  1.42424242  1.48484848  1.54545455  1.60606061  1.66666667\n",
      "  1.72727273  1.78787879  1.84848485  1.90909091  1.96969697  2.03030303\n",
      "  2.09090909  2.15151515  2.21212121  2.27272727  2.33333333  2.39393939\n",
      "  2.45454545  2.51515152  2.57575758  2.63636364  2.6969697   2.75757576\n",
      "  2.81818182  2.87878788  2.93939394  3.        ] [[1.69674859e-07 2.38188757e-07 3.31919761e-07 ... 3.31919761e-07\n",
      "  2.38188757e-07 1.69674859e-07]\n",
      " [2.38188757e-07 3.34220765e-07 4.65532008e-07 ... 4.65532008e-07\n",
      "  3.34220765e-07 2.38188757e-07]\n",
      " [3.31919761e-07 4.65532008e-07 6.48135061e-07 ... 6.48135061e-07\n",
      "  4.65532008e-07 3.31919761e-07]\n",
      " ...\n",
      " [3.31919761e-07 4.65532008e-07 6.48135061e-07 ... 6.48135061e-07\n",
      "  4.65532008e-07 3.31919761e-07]\n",
      " [2.38188757e-07 3.34220765e-07 4.65532008e-07 ... 4.65532008e-07\n",
      "  3.34220765e-07 2.38188757e-07]\n",
      " [1.69674859e-07 2.38188757e-07 3.31919761e-07 ... 3.31919761e-07\n",
      "  2.38188757e-07 1.69674859e-07]]\n",
      "100 100 100\n"
     ]
    }
   ],
   "source": [
    "N = 10      # Hilbert space dimension (must be > n)\n",
    "n = 1       # Fock state to visualize\n",
    "x = np.linspace(-3, 3, 100)\n",
    "y = np.linspace(-3, 3, 100)\n",
    "\n",
    "# Step 2: Create state\n",
    "fock_state = fock(N, n)\n",
    "\n",
    "# Step 3: Compute the Wigner function\n",
    "W = wigner(fock_state, x, y)\n",
    "print(x,y,W)\n",
    "print(len(x),len(y),len(W))"
   ]
  },
  {
   "cell_type": "markdown",
   "metadata": {},
   "source": [
    "### coherent"
   ]
  },
  {
   "cell_type": "code",
   "execution_count": 100,
   "metadata": {},
   "outputs": [
    {
     "name": "stdout",
     "output_type": "stream",
     "text": [
      "[-3.         -2.93939394 -2.87878788 -2.81818182 -2.75757576 -2.6969697\n",
      " -2.63636364 -2.57575758 -2.51515152 -2.45454545 -2.39393939 -2.33333333\n",
      " -2.27272727 -2.21212121 -2.15151515 -2.09090909 -2.03030303 -1.96969697\n",
      " -1.90909091 -1.84848485 -1.78787879 -1.72727273 -1.66666667 -1.60606061\n",
      " -1.54545455 -1.48484848 -1.42424242 -1.36363636 -1.3030303  -1.24242424\n",
      " -1.18181818 -1.12121212 -1.06060606 -1.         -0.93939394 -0.87878788\n",
      " -0.81818182 -0.75757576 -0.6969697  -0.63636364 -0.57575758 -0.51515152\n",
      " -0.45454545 -0.39393939 -0.33333333 -0.27272727 -0.21212121 -0.15151515\n",
      " -0.09090909 -0.03030303  0.03030303  0.09090909  0.15151515  0.21212121\n",
      "  0.27272727  0.33333333  0.39393939  0.45454545  0.51515152  0.57575758\n",
      "  0.63636364  0.6969697   0.75757576  0.81818182  0.87878788  0.93939394\n",
      "  1.          1.06060606  1.12121212  1.18181818  1.24242424  1.3030303\n",
      "  1.36363636  1.42424242  1.48484848  1.54545455  1.60606061  1.66666667\n",
      "  1.72727273  1.78787879  1.84848485  1.90909091  1.96969697  2.03030303\n",
      "  2.09090909  2.15151515  2.21212121  2.27272727  2.33333333  2.39393939\n",
      "  2.45454545  2.51515152  2.57575758  2.63636364  2.6969697   2.75757576\n",
      "  2.81818182  2.87878788  2.93939394  3.        ] [-3.         -2.93939394 -2.87878788 -2.81818182 -2.75757576 -2.6969697\n",
      " -2.63636364 -2.57575758 -2.51515152 -2.45454545 -2.39393939 -2.33333333\n",
      " -2.27272727 -2.21212121 -2.15151515 -2.09090909 -2.03030303 -1.96969697\n",
      " -1.90909091 -1.84848485 -1.78787879 -1.72727273 -1.66666667 -1.60606061\n",
      " -1.54545455 -1.48484848 -1.42424242 -1.36363636 -1.3030303  -1.24242424\n",
      " -1.18181818 -1.12121212 -1.06060606 -1.         -0.93939394 -0.87878788\n",
      " -0.81818182 -0.75757576 -0.6969697  -0.63636364 -0.57575758 -0.51515152\n",
      " -0.45454545 -0.39393939 -0.33333333 -0.27272727 -0.21212121 -0.15151515\n",
      " -0.09090909 -0.03030303  0.03030303  0.09090909  0.15151515  0.21212121\n",
      "  0.27272727  0.33333333  0.39393939  0.45454545  0.51515152  0.57575758\n",
      "  0.63636364  0.6969697   0.75757576  0.81818182  0.87878788  0.93939394\n",
      "  1.          1.06060606  1.12121212  1.18181818  1.24242424  1.3030303\n",
      "  1.36363636  1.42424242  1.48484848  1.54545455  1.60606061  1.66666667\n",
      "  1.72727273  1.78787879  1.84848485  1.90909091  1.96969697  2.03030303\n",
      "  2.09090909  2.15151515  2.21212121  2.27272727  2.33333333  2.39393939\n",
      "  2.45454545  2.51515152  2.57575758  2.63636364  2.6969697   2.75757576\n",
      "  2.81818182  2.87878788  2.93939394  3.        ] [[8.23777756e-09 8.43324683e-09 8.38221228e-09 ... 2.62139863e-06\n",
      "  2.28439787e-06 1.99486719e-06]\n",
      " [9.10605014e-09 9.38946088e-09 9.45912529e-09 ... 4.13167184e-06\n",
      "  3.57076148e-06 3.08847964e-06]\n",
      " [1.01475945e-08 1.06265076e-08 1.09751683e-08 ... 6.35066709e-06\n",
      "  5.45520347e-06 4.68456255e-06]\n",
      " ...\n",
      " [1.01475945e-08 1.06265076e-08 1.09751683e-08 ... 6.35066709e-06\n",
      "  5.45520347e-06 4.68456255e-06]\n",
      " [9.10605014e-09 9.38946088e-09 9.45912529e-09 ... 4.13167184e-06\n",
      "  3.57076148e-06 3.08847964e-06]\n",
      " [8.23777756e-09 8.43324683e-09 8.38221228e-09 ... 2.62139863e-06\n",
      "  2.28439787e-06 1.99486719e-06]]\n",
      "100 100 100\n"
     ]
    }
   ],
   "source": [
    "N = 10      # Hilbert space dimension (must be > n)\n",
    "n = 1       # Fock state to visualize\n",
    "x = np.linspace(-3, 3, 100)\n",
    "y = np.linspace(-3, 3, 100)\n",
    "\n",
    "# Step 2: Create state\n",
    "coherent_state = coherent(N,alpha=1.0)\n",
    "\n",
    "# Step 3: Compute the Wigner function\n",
    "W = wigner(coherent_state, x, y)\n",
    "print(x,y,W)\n",
    "print(len(x),len(y),len(W))"
   ]
  },
  {
   "cell_type": "markdown",
   "metadata": {},
   "source": [
    "### 2Cat State"
   ]
  },
  {
   "cell_type": "code",
   "execution_count": 33,
   "metadata": {},
   "outputs": [
    {
     "name": "stdout",
     "output_type": "stream",
     "text": [
      "[-6.         -5.94       -5.88       -5.82       -5.76       -5.7000003\n",
      " -5.6400003  -5.58       -5.52       -5.46       -5.4        -5.34\n",
      " -5.28       -5.2200003  -5.16       -5.1        -5.04       -4.98\n",
      " -4.92       -4.86       -4.7999997  -4.74       -4.68       -4.62\n",
      " -4.56       -4.5        -4.44       -4.38       -4.32       -4.26\n",
      " -4.2000003  -4.1400003  -4.0800004  -4.02       -3.96       -3.9\n",
      " -3.8400002  -3.78       -3.72       -3.66       -3.6000001  -3.54\n",
      " -3.48       -3.42       -3.3600001  -3.2999997  -3.2399998  -3.1799998\n",
      " -3.12       -3.06       -3.         -2.94       -2.88       -2.8200002\n",
      " -2.7600002  -2.7000003  -2.6400003  -2.5800004  -2.52       -2.46\n",
      " -2.4        -2.3400002  -2.28       -2.22       -2.16       -2.1000001\n",
      " -2.0400002  -1.9800001  -1.9200002  -1.8600003  -1.8000003  -1.74\n",
      " -1.6800001  -1.6199999  -1.56       -1.5        -1.44       -1.3800001\n",
      " -1.3200002  -1.2600002  -1.2000003  -1.1400003  -1.0800002  -1.0200002\n",
      " -0.9599999  -0.9        -0.84000003 -0.7800001  -0.72000015 -0.6600002\n",
      " -0.6        -0.5400001  -0.48000014 -0.4200002  -0.36000025 -0.3000003\n",
      " -0.24000001 -0.18000007 -0.12000012 -0.05999994  0.          0.05999994\n",
      "  0.11999989  0.17999983  0.23999977  0.2999997   0.35999984  0.42000002\n",
      "  0.47999996  0.5399999   0.59999985  0.6599998   0.7199999   0.77999985\n",
      "  0.8399998   0.89999974  0.9599999   1.0199999   1.0799998   1.1399999\n",
      "  1.1999998   1.2599998   1.3199997   1.3799996   1.4399998   1.5\n",
      "  1.56        1.6199999   1.6799998   1.7399998   1.7999997   1.8599997\n",
      "  1.9199998   1.98        2.04        2.0999997   2.1599998   2.22\n",
      "  2.2799997   2.3400002   2.3999996   2.46        2.5199995   2.58\n",
      "  2.6399994   2.6999998   2.76        2.8199997   2.8799999   2.9399996\n",
      "  2.9999998   3.0599997   3.12        3.1799996   3.2399998   3.3\n",
      "  3.3599997   3.4199998   3.4799995   3.54        3.5999997   3.6599998\n",
      "  3.7199996   3.7799997   3.84        3.8999996   3.96        4.0199995\n",
      "  4.08        4.1399994   4.2         4.2599998   4.3199997   4.38\n",
      "  4.4399996   4.5         4.5599995   4.62        4.6799994   4.74\n",
      "  4.8         4.8599997   4.92        4.9799995   5.04        5.0999994\n",
      "  5.16        5.2199993   5.2799997   5.34        5.3999996   5.46\n",
      "  5.5199995   5.58        5.6399994   5.7         5.7599993   5.8199997\n",
      "  5.8799996   5.9399996   6.        ] [-6.         -5.94       -5.88       -5.82       -5.76       -5.7000003\n",
      " -5.6400003  -5.58       -5.52       -5.46       -5.4        -5.34\n",
      " -5.28       -5.2200003  -5.16       -5.1        -5.04       -4.98\n",
      " -4.92       -4.86       -4.7999997  -4.74       -4.68       -4.62\n",
      " -4.56       -4.5        -4.44       -4.38       -4.32       -4.26\n",
      " -4.2000003  -4.1400003  -4.0800004  -4.02       -3.96       -3.9\n",
      " -3.8400002  -3.78       -3.72       -3.66       -3.6000001  -3.54\n",
      " -3.48       -3.42       -3.3600001  -3.2999997  -3.2399998  -3.1799998\n",
      " -3.12       -3.06       -3.         -2.94       -2.88       -2.8200002\n",
      " -2.7600002  -2.7000003  -2.6400003  -2.5800004  -2.52       -2.46\n",
      " -2.4        -2.3400002  -2.28       -2.22       -2.16       -2.1000001\n",
      " -2.0400002  -1.9800001  -1.9200002  -1.8600003  -1.8000003  -1.74\n",
      " -1.6800001  -1.6199999  -1.56       -1.5        -1.44       -1.3800001\n",
      " -1.3200002  -1.2600002  -1.2000003  -1.1400003  -1.0800002  -1.0200002\n",
      " -0.9599999  -0.9        -0.84000003 -0.7800001  -0.72000015 -0.6600002\n",
      " -0.6        -0.5400001  -0.48000014 -0.4200002  -0.36000025 -0.3000003\n",
      " -0.24000001 -0.18000007 -0.12000012 -0.05999994  0.          0.05999994\n",
      "  0.11999989  0.17999983  0.23999977  0.2999997   0.35999984  0.42000002\n",
      "  0.47999996  0.5399999   0.59999985  0.6599998   0.7199999   0.77999985\n",
      "  0.8399998   0.89999974  0.9599999   1.0199999   1.0799998   1.1399999\n",
      "  1.1999998   1.2599998   1.3199997   1.3799996   1.4399998   1.5\n",
      "  1.56        1.6199999   1.6799998   1.7399998   1.7999997   1.8599997\n",
      "  1.9199998   1.98        2.04        2.0999997   2.1599998   2.22\n",
      "  2.2799997   2.3400002   2.3999996   2.46        2.5199995   2.58\n",
      "  2.6399994   2.6999998   2.76        2.8199997   2.8799999   2.9399996\n",
      "  2.9999998   3.0599997   3.12        3.1799996   3.2399998   3.3\n",
      "  3.3599997   3.4199998   3.4799995   3.54        3.5999997   3.6599998\n",
      "  3.7199996   3.7799997   3.84        3.8999996   3.96        4.0199995\n",
      "  4.08        4.1399994   4.2         4.2599998   4.3199997   4.38\n",
      "  4.4399996   4.5         4.5599995   4.62        4.6799994   4.74\n",
      "  4.8         4.8599997   4.92        4.9799995   5.04        5.0999994\n",
      "  5.16        5.2199993   5.2799997   5.34        5.3999996   5.46\n",
      "  5.5199995   5.58        5.6399994   5.7         5.7599993   5.8199997\n",
      "  5.8799996   5.9399996   6.        ] [[0. 0. 0. ... 0. 0. 0.]\n",
      " [0. 0. 0. ... 0. 0. 0.]\n",
      " [0. 0. 0. ... 0. 0. 0.]\n",
      " ...\n",
      " [0. 0. 0. ... 0. 0. 0.]\n",
      " [0. 0. 0. ... 0. 0. 0.]\n",
      " [0. 0. 0. ... 0. 0. 0.]]\n",
      "201 201 201\n"
     ]
    }
   ],
   "source": [
    "alpha=2.0\n",
    "alpha2=2.0 *jnp.exp(1j*2*jnp.pi/3)\n",
    "alpha3=2.0 *jnp.exp(1j*4*jnp.pi/3)\n",
    "N==10\n",
    "\n",
    "psi=1/jnp.sqrt(3)* (dq.coherent(N,alpha) + dq.coherent(N,alpha2) +dq.coherent(N,alpha3))\n",
    "wigner_state=dq.wigner(psi)\n",
    "W=wigner_state[2]\n",
    "print(wigner_state[0], wigner_state[1],W)\n",
    "print(len(wigner_state[0]),len(wigner_state[1]),len(W))"
   ]
  },
  {
   "cell_type": "code",
   "execution_count": 21,
   "metadata": {},
   "outputs": [
    {
     "name": "stdout",
     "output_type": "stream",
     "text": [
      "[-3.        -3.j -2.93939394-3.j -2.87878788-3.j ...  2.87878788+3.j\n",
      "  2.93939394+3.j  3.        +3.j]\n",
      "[1.69674859e-07 2.38188757e-07 3.31919761e-07 ... 3.31919761e-07\n",
      " 2.38188757e-07 1.69674859e-07]\n",
      "10000\n",
      "10000\n"
     ]
    }
   ],
   "source": [
    "alpha = np.zeros(len(x)*len(y),dtype=complex)\n",
    "for i in range(len(y)):\n",
    "    for k in range(len(x)):\n",
    "        alpha[i*len(y)+k]=x[k]+y[i]*1j\n",
    "    \n",
    "w = np.zeros(len(x)*len(y))\n",
    "for i in range(len(y)):\n",
    "    for k in range(len(x)):\n",
    "        w[i*len(y)+k]=W[i][k]\n",
    "\n",
    "print(alpha)\n",
    "print(w)\n",
    "print(len(alpha))\n",
    "print(len(w))"
   ]
  },
  {
   "cell_type": "code",
   "execution_count": 6,
   "metadata": {},
   "outputs": [
    {
     "ename": "NameError",
     "evalue": "name 'alpha' is not defined",
     "output_type": "error",
     "traceback": [
      "\u001b[31m---------------------------------------------------------------------------\u001b[39m",
      "\u001b[31mNameError\u001b[39m                                 Traceback (most recent call last)",
      "\u001b[36mCell\u001b[39m\u001b[36m \u001b[39m\u001b[32mIn[6]\u001b[39m\u001b[32m, line 2\u001b[39m\n\u001b[32m      1\u001b[39m N = \u001b[32m10\u001b[39m\n\u001b[32m----> \u001b[39m\u001b[32m2\u001b[39m alpha_list = \u001b[43malpha\u001b[49m\n\u001b[32m      3\u001b[39m \u001b[38;5;66;03m# Simulated Wigner values for a vacuum state\u001b[39;00m\n\u001b[32m      4\u001b[39m wigner_measured = w\n",
      "\u001b[31mNameError\u001b[39m: name 'alpha' is not defined"
     ]
    }
   ],
   "source": [
    "N = 10\n",
    "alpha_list = alpha\n",
    "# Simulated Wigner values for a vacuum state\n",
    "wigner_measured = w\n",
    "\n",
    "# Define optimization variable\n",
    "rho = cp.Variable((N, N), complex=True)\n",
    "\n",
    "# Constraints: rho is Hermitian, positive semi-definite, and trace 1\n",
    "constraints = [rho >> 0, cp.trace(rho) == 1, rho == rho.H]\n",
    "\n",
    "# Construct loss function\n",
    "loss_terms = []\n",
    "for alpha, W_meas in zip(alpha_list, wigner_measured):\n",
    "    E_alpha = operator_for_alpha(alpha, n)\n",
    "    W_model = compute_model_wigner(rho, E_alpha)\n",
    "    loss_terms.append(cp.square(W_model - W_meas))\n",
    "loss = cp.sum(loss_terms)\n",
    "\n",
    "# Solve the optimization problem\n",
    "prob = cp.Problem(cp.Minimize(loss), constraints)\n",
    "result = prob.solve(solver=cp.MOSEK, verbose=True)  # You can replace SCS with MOSEK if installed\n",
    "\n",
    "print(\"Optimal loss:\", loss.value)\n",
    "print(\"Reconstructed density matrix rho:\")\n",
    "print(rho.value)"
   ]
  },
  {
   "cell_type": "code",
   "execution_count": 22,
   "metadata": {},
   "outputs": [
    {
     "name": "stdout",
     "output_type": "stream",
     "text": [
      "Optimal objective value (sum of squared residuals): 1.4006052649011984\n",
      "Reconstructed density matrix rho:\n",
      "[[ 8.67935280e-01+0.00000000e+00j  5.13988154e-15+1.15854900e-01j\n",
      "  -9.32062496e-02-1.25600406e-14j  6.72239210e-15+9.69689637e-02j\n",
      "  -2.67908659e-01+5.94349615e-16j -2.39229639e-15-8.87280426e-02j\n",
      "   2.67290846e-02-6.26771585e-15j -7.72452382e-15-4.25953751e-02j\n",
      "   2.01106162e-02+3.34555575e-15j -2.94438939e-15+2.30201028e-02j]\n",
      " [ 5.13988154e-15-1.15854900e-01j  1.54646990e-02+0.00000000e+00j\n",
      "  -2.22851383e-15+1.24414815e-02j  1.29437411e-02-3.23023833e-16j\n",
      "  -1.50697134e-15+3.57613426e-02j -1.18437155e-02-2.06711243e-16j\n",
      "  -6.78533030e-16-3.56788747e-03j -5.68577293e-03+7.77991837e-16j\n",
      "   5.65376019e-16-2.68443222e-03j  3.07280021e-03+5.29118976e-16j]\n",
      " [-9.32062496e-02+1.25600406e-14j -2.22851383e-15-1.24414815e-02j\n",
      "   1.00092774e-02+0.00000000e+00j -2.12506409e-15-1.04133495e-02j\n",
      "   2.87703034e-02-3.94083081e-15j  1.54044880e-15+9.52836955e-03j\n",
      "  -2.87039575e-03+1.06040274e-15j  1.44544241e-15+4.57425254e-03j\n",
      "  -2.15964848e-03-6.81591955e-17j -1.70973818e-17-2.47209384e-03j]\n",
      " [ 6.72239210e-15-9.69689637e-02j  1.29437411e-02+3.23023833e-16j\n",
      "  -2.12506409e-15+1.04133495e-02j  1.08337339e-02+0.00000000e+00j\n",
      "  -2.00799461e-15+2.99317537e-02j -9.91302754e-03-4.20316538e-16j\n",
      "  -4.93311998e-16-2.98627293e-03j -4.75891403e-03+5.32409114e-16j\n",
      "   5.29124736e-16-2.24683299e-03j  2.57189167e-03+5.06719526e-16j]\n",
      " [-2.67908659e-01-5.94349615e-16j -1.50697134e-15-3.57613426e-02j\n",
      "   2.87703034e-02+3.94083081e-15j -2.00799461e-15-2.99317537e-02j\n",
      "   8.26963154e-02+0.00000000e+00j  6.76023204e-16+2.73879994e-02j\n",
      "  -8.25056130e-03+1.91710567e-15j  2.35350656e-15+1.31480654e-02j\n",
      "  -6.20761516e-03-1.04622001e-15j  9.24163575e-16-7.10569673e-03j]\n",
      " [-2.39229639e-15+8.87280426e-02j -1.18437155e-02+2.06711246e-16j\n",
      "   1.54044880e-15-9.52836955e-03j -9.91302754e-03+4.20316538e-16j\n",
      "   6.76023204e-16-2.73879994e-02j  9.07056749e-03+0.00000000e+00j\n",
      "   5.67386957e-16+2.73248411e-03j  4.35447705e-03-6.71502757e-16j\n",
      "  -3.96998684e-16+2.05588555e-03j -2.35331909e-03-3.63518069e-16j]\n",
      " [ 2.67290846e-02+6.26771585e-15j -6.78533030e-16+3.56788747e-03j\n",
      "  -2.87039575e-03-1.06040273e-15j -4.93311998e-16+2.98627293e-03j\n",
      "  -8.25056130e-03-1.91710567e-15j  5.67386957e-16-2.73248411e-03j\n",
      "   8.23153519e-04+0.00000000e+00j  6.94420221e-17-1.31177453e-03j\n",
      "   6.19329994e-04+2.49243129e-16j -2.57620289e-16+7.08931063e-04j]\n",
      " [-7.72452382e-15+4.25953751e-02j -5.68577293e-03-7.77991837e-16j\n",
      "   1.44544241e-15-4.57425254e-03j -4.75891403e-03-5.32409115e-16j\n",
      "   2.35350656e-15-1.31480654e-02j  4.35447705e-03+6.71502757e-16j\n",
      "   6.94420221e-17+1.31177453e-03j  2.09043925e-03+0.00000000e+00j\n",
      "  -3.42927207e-16+9.86962116e-04j -1.12975004e-03-3.48835441e-16j]\n",
      " [ 2.01106162e-02-3.34555575e-15j  5.65376019e-16+2.68443222e-03j\n",
      "  -2.15964848e-03+6.81591955e-17j  5.29124736e-16+2.24683299e-03j\n",
      "  -6.20761516e-03+1.04622001e-15j -3.96998684e-16-2.05588555e-03j\n",
      "   6.19329994e-04-2.49243129e-16j -3.42927207e-16-9.86962116e-04j\n",
      "   4.65975868e-04+0.00000000e+00j  2.07995030e-17+5.33390519e-04j]\n",
      " [-2.94438939e-15-2.30201028e-02j  3.07280021e-03-5.29118976e-16j\n",
      "  -1.70973818e-17+2.47209384e-03j  2.57189167e-03-5.06719526e-16j\n",
      "   9.24163575e-16+7.10569673e-03j -2.35331909e-03+3.63518069e-16j\n",
      "  -2.57620289e-16-7.08931063e-04j -1.12975004e-03+3.48835441e-16j\n",
      "   2.07995030e-17-5.33390519e-04j  6.10558345e-04+0.00000000e+00j]]\n"
     ]
    }
   ],
   "source": [
    "# Truncated Hilbert space dimension.\n",
    "N = 10\n",
    "\n",
    "# Number of measurements (sample points)\n",
    "K = 100\n",
    "\n",
    "# ------------------------------\n",
    "# BUILDING THE QUANTUM OPERATORS\n",
    "# ------------------------------\n",
    "# Construct the annihilation operator a (in Fock space basis)\n",
    "a = np.zeros((N, N), dtype=complex)\n",
    "for n in range(N - 1):\n",
    "    a[n, n + 1] = np.sqrt(n + 1)\n",
    "a_dag = a.conj().T\n",
    "\n",
    "# Parity operator: P = exp(i*pi * a^\\dagger a) = diag[(-1)^n]\n",
    "P = np.diag([(-1) ** n for n in range(N)])\n",
    "\n",
    "def displacement(alpha):\n",
    "    \"\"\"\n",
    "    Returns the displacement operator D(alpha) = exp( alpha*a_dag - alpha*.a )\n",
    "    for a given alpha.\n",
    "    \"\"\"\n",
    "    # Note: if alpha is real, then np.conjugate(alpha)==alpha.\n",
    "    return expm(alpha * a_dag - np.conjugate(alpha) * a)\n",
    "\n",
    "# Precompute the measurement observables E_alpha = 1/2*(I + D(alpha) P D(alpha)^\\dagger)\n",
    "E_list = []\n",
    "I_N = np.eye(N)\n",
    "for alp in alpha:\n",
    "    D_alpha = displacement(alp)\n",
    "    # Construct E_alpha. (Ensure numerical Hermiticity by symmetrizing the matrix.)\n",
    "    E_alpha = 0.5 * (I_N + D_alpha @ P @ D_alpha.conj().T)\n",
    "    E_alpha = 0.5 * (E_alpha + E_alpha.conj().T)  # force Hermitian symmetry\n",
    "    E_list.append(E_alpha)\n",
    "\n",
    "# ------------------------------\n",
    "# SET UP THE OPTIMIZATION PROBLEM\n",
    "# ------------------------------\n",
    "# We use a complex Hermitian variable for the density matrix.\n",
    "rho = cp.Variable((N, N), complex=True)\n",
    "\n",
    "# The constraints are: rho == rho†, rho is positive semidefinite, and trace(rho) = 1.\n",
    "constraints = [\n",
    "    rho == rho.H,      # Hermitian constraint\n",
    "    rho >> 0,          # Positive semidefiniteness (density matrix is PSD)\n",
    "    cp.trace(rho) == 1 # Unit trace\n",
    "]\n",
    "\n",
    "# Build the least-squares objective:\n",
    "# For each measurement, the predicted probability is p_k = Tr(E_k * rho).\n",
    "# We use cp.real(...) to guard against any negligible imaginary parts.\n",
    "residuals = []\n",
    "for k in range(K):\n",
    "    p_k = cp.real(cp.trace(E_list[k] @ rho))\n",
    "    residuals.append(p_k - w[k])\n",
    "# Sum squares of residuals.\n",
    "objective = cp.sum_squares(cp.hstack(residuals))\n",
    "\n",
    "# Define and solve the optimization problem.\n",
    "prob = cp.Problem(cp.Minimize(objective), constraints)\n",
    "result = prob.solve(solver=cp.MOSEK)\n",
    "\n",
    "# ------------------------------\n",
    "# OUTPUT THE RESULTS\n",
    "# ------------------------------\n",
    "print(\"Optimal objective value (sum of squared residuals):\", result)\n",
    "print(\"Reconstructed density matrix rho:\")\n",
    "print(rho.value)"
   ]
  },
  {
   "cell_type": "code",
   "execution_count": 9,
   "metadata": {},
   "outputs": [
    {
     "name": "stdout",
     "output_type": "stream",
     "text": [
      "[[3.67879441e-01+0.j 3.67879441e-01+0.j 2.60130048e-01+0.j\n",
      "  1.50186153e-01+0.j 7.50930765e-02+0.j 3.35826447e-02+0.j\n",
      "  1.37100573e-02+0.j 5.18191458e-03+0.j 1.83208347e-03+0.j\n",
      "  6.10694490e-04+0.j]\n",
      " [3.67879441e-01+0.j 3.67879441e-01+0.j 2.60130048e-01+0.j\n",
      "  1.50186153e-01+0.j 7.50930765e-02+0.j 3.35826447e-02+0.j\n",
      "  1.37100573e-02+0.j 5.18191458e-03+0.j 1.83208347e-03+0.j\n",
      "  6.10694490e-04+0.j]\n",
      " [2.60130048e-01+0.j 2.60130048e-01+0.j 1.83939721e-01+0.j\n",
      "  1.06197647e-01+0.j 5.30988236e-02+0.j 2.37465158e-02+0.j\n",
      "  9.69447449e-03+0.j 3.66416694e-03+0.j 1.29547865e-03+0.j\n",
      "  4.31826215e-04+0.j]\n",
      " [1.50186153e-01+0.j 1.50186153e-01+0.j 1.06197647e-01+0.j\n",
      "  6.13132402e-02+0.j 3.06566201e-02+0.j 1.37100573e-02+0.j\n",
      "  5.59710745e-03+0.j 2.11550777e-03+0.j 7.47944945e-04+0.j\n",
      "  2.49314982e-04+0.j]\n",
      " [7.50930765e-02+0.j 7.50930765e-02+0.j 5.30988236e-02+0.j\n",
      "  3.06566201e-02+0.j 1.53283100e-02+0.j 6.85502865e-03+0.j\n",
      "  2.79855373e-03+0.j 1.05775388e-03+0.j 3.73972472e-04+0.j\n",
      "  1.24657491e-04+0.j]\n",
      " [3.35826447e-02+0.j 3.35826447e-02+0.j 2.37465158e-02+0.j\n",
      "  1.37100573e-02+0.j 6.85502865e-03+0.j 3.06566201e-03+0.j\n",
      "  1.25155127e-03+0.j 4.73041918e-04+0.j 1.67245574e-04+0.j\n",
      "  5.57485247e-05+0.j]\n",
      " [1.37100573e-02+0.j 1.37100573e-02+0.j 9.69447449e-03+0.j\n",
      "  5.59710745e-03+0.j 2.79855373e-03+0.j 1.25155127e-03+0.j\n",
      "  5.10943668e-04+0.j 1.93118554e-04+0.j 6.82777197e-05+0.j\n",
      "  2.27592399e-05+0.j]\n",
      " [5.18191458e-03+0.j 5.18191458e-03+0.j 3.66416694e-03+0.j\n",
      "  2.11550777e-03+0.j 1.05775388e-03+0.j 4.73041918e-04+0.j\n",
      "  1.93118554e-04+0.j 7.29919526e-05+0.j 2.58065523e-05+0.j\n",
      "  8.60218411e-06+0.j]\n",
      " [1.83208347e-03+0.j 1.83208347e-03+0.j 1.29547865e-03+0.j\n",
      "  7.47944945e-04+0.j 3.73972472e-04+0.j 1.67245574e-04+0.j\n",
      "  6.82777197e-05+0.j 2.58065523e-05+0.j 9.12399408e-06+0.j\n",
      "  3.04133136e-06+0.j]\n",
      " [6.10694490e-04+0.j 6.10694490e-04+0.j 4.31826215e-04+0.j\n",
      "  2.49314982e-04+0.j 1.24657491e-04+0.j 5.57485247e-05+0.j\n",
      "  2.27592399e-05+0.j 8.60218411e-06+0.j 3.04133136e-06+0.j\n",
      "  1.01377712e-06+0.j]]\n",
      "[[3.67879441e-01+0.j 3.67879441e-01+0.j 2.60130048e-01+0.j\n",
      "  1.50186153e-01+0.j 7.50930765e-02+0.j 3.35826447e-02+0.j\n",
      "  1.37100573e-02+0.j 5.18191458e-03+0.j 1.83208347e-03+0.j\n",
      "  6.10694490e-04+0.j]\n",
      " [3.67879441e-01+0.j 3.67879441e-01+0.j 2.60130048e-01+0.j\n",
      "  1.50186153e-01+0.j 7.50930765e-02+0.j 3.35826447e-02+0.j\n",
      "  1.37100573e-02+0.j 5.18191458e-03+0.j 1.83208347e-03+0.j\n",
      "  6.10694490e-04+0.j]\n",
      " [2.60130048e-01+0.j 2.60130048e-01+0.j 1.83939721e-01+0.j\n",
      "  1.06197647e-01+0.j 5.30988236e-02+0.j 2.37465158e-02+0.j\n",
      "  9.69447449e-03+0.j 3.66416694e-03+0.j 1.29547865e-03+0.j\n",
      "  4.31826215e-04+0.j]\n",
      " [1.50186153e-01+0.j 1.50186153e-01+0.j 1.06197647e-01+0.j\n",
      "  6.13132402e-02+0.j 3.06566201e-02+0.j 1.37100573e-02+0.j\n",
      "  5.59710745e-03+0.j 2.11550777e-03+0.j 7.47944945e-04+0.j\n",
      "  2.49314982e-04+0.j]\n",
      " [7.50930765e-02+0.j 7.50930765e-02+0.j 5.30988236e-02+0.j\n",
      "  3.06566201e-02+0.j 1.53283100e-02+0.j 6.85502865e-03+0.j\n",
      "  2.79855373e-03+0.j 1.05775388e-03+0.j 3.73972472e-04+0.j\n",
      "  1.24657491e-04+0.j]\n",
      " [3.35826447e-02+0.j 3.35826447e-02+0.j 2.37465158e-02+0.j\n",
      "  1.37100573e-02+0.j 6.85502865e-03+0.j 3.06566201e-03+0.j\n",
      "  1.25155127e-03+0.j 4.73041918e-04+0.j 1.67245574e-04+0.j\n",
      "  5.57485247e-05+0.j]\n",
      " [1.37100573e-02+0.j 1.37100573e-02+0.j 9.69447449e-03+0.j\n",
      "  5.59710745e-03+0.j 2.79855373e-03+0.j 1.25155127e-03+0.j\n",
      "  5.10943668e-04+0.j 1.93118554e-04+0.j 6.82777197e-05+0.j\n",
      "  2.27592399e-05+0.j]\n",
      " [5.18191458e-03+0.j 5.18191458e-03+0.j 3.66416694e-03+0.j\n",
      "  2.11550777e-03+0.j 1.05775388e-03+0.j 4.73041918e-04+0.j\n",
      "  1.93118554e-04+0.j 7.29919526e-05+0.j 2.58065523e-05+0.j\n",
      "  8.60218411e-06+0.j]\n",
      " [1.83208347e-03+0.j 1.83208347e-03+0.j 1.29547865e-03+0.j\n",
      "  7.47944945e-04+0.j 3.73972472e-04+0.j 1.67245574e-04+0.j\n",
      "  6.82777197e-05+0.j 2.58065523e-05+0.j 9.12399408e-06+0.j\n",
      "  3.04133136e-06+0.j]\n",
      " [6.10694490e-04+0.j 6.10694490e-04+0.j 4.31826215e-04+0.j\n",
      "  2.49314982e-04+0.j 1.24657491e-04+0.j 5.57485247e-05+0.j\n",
      "  2.27592399e-05+0.j 8.60218411e-06+0.j 3.04133136e-06+0.j\n",
      "  1.01377712e-06+0.j]]\n"
     ]
    }
   ],
   "source": [
    "# Parameters: coherent state amplitude and Hilbert space truncation dimension\n",
    "\n",
    "# Precompute the normalization factor\n",
    "norm = math.exp(-abs(1)**2)\n",
    "\n",
    "# Construct the coherent state vector in the Fock basis up to N-1:\n",
    "# |alpha> = e^(-|alpha|^2/2) * [alpha^n / sqrt(n!)]_{n=0}^{N-1}\n",
    "coherent_state = np.array([1**n / np.sqrt(math.factorial(n)) for n in range(N)], dtype=complex)\n",
    "coherent_state = np.exp(-abs(1)**2/2) * coherent_state\n",
    "\n",
    "# Construct the density matrix: rho = |alpha><alpha|\n",
    "rho_coherent = np.outer(coherent_state, coherent_state.conj())\n",
    "print(rho_coherent)\n",
    "rho_coh = np.zeros((N, N), dtype=complex)\n",
    "for i in range(N):\n",
    "    for k in range(N):\n",
    "        rho_coh[i, k]=rho_coherent[i][k]\n",
    "\n",
    "print(rho_coh)\n"
   ]
  },
  {
   "cell_type": "code",
   "execution_count": 10,
   "metadata": {},
   "outputs": [
    {
     "name": "stdout",
     "output_type": "stream",
     "text": [
      "[[1.+0.j 0.+0.j 0.+0.j 0.+0.j 0.+0.j 0.+0.j 0.+0.j 0.+0.j 0.+0.j 0.+0.j]\n",
      " [0.+0.j 0.+0.j 0.+0.j 0.+0.j 0.+0.j 0.+0.j 0.+0.j 0.+0.j 0.+0.j 0.+0.j]\n",
      " [0.+0.j 0.+0.j 0.+0.j 0.+0.j 0.+0.j 0.+0.j 0.+0.j 0.+0.j 0.+0.j 0.+0.j]\n",
      " [0.+0.j 0.+0.j 0.+0.j 0.+0.j 0.+0.j 0.+0.j 0.+0.j 0.+0.j 0.+0.j 0.+0.j]\n",
      " [0.+0.j 0.+0.j 0.+0.j 0.+0.j 0.+0.j 0.+0.j 0.+0.j 0.+0.j 0.+0.j 0.+0.j]\n",
      " [0.+0.j 0.+0.j 0.+0.j 0.+0.j 0.+0.j 0.+0.j 0.+0.j 0.+0.j 0.+0.j 0.+0.j]\n",
      " [0.+0.j 0.+0.j 0.+0.j 0.+0.j 0.+0.j 0.+0.j 0.+0.j 0.+0.j 0.+0.j 0.+0.j]\n",
      " [0.+0.j 0.+0.j 0.+0.j 0.+0.j 0.+0.j 0.+0.j 0.+0.j 0.+0.j 0.+0.j 0.+0.j]\n",
      " [0.+0.j 0.+0.j 0.+0.j 0.+0.j 0.+0.j 0.+0.j 0.+0.j 0.+0.j 0.+0.j 0.+0.j]\n",
      " [0.+0.j 0.+0.j 0.+0.j 0.+0.j 0.+0.j 0.+0.j 0.+0.j 0.+0.j 0.+0.j 0.+0.j]]\n"
     ]
    }
   ],
   "source": [
    "#Example reference state: the vacuum state (|0><0|) embedded in a n-dimensional space.\n",
    "rho_fock_0 = np.zeros((N, N), dtype=complex)\n",
    "rho_fock_0[0, 0] = 1.0  # Only the first element is nonzero.\n",
    "print(rho_fock_0)"
   ]
  },
  {
   "cell_type": "code",
   "execution_count": 11,
   "metadata": {},
   "outputs": [
    {
     "name": "stdout",
     "output_type": "stream",
     "text": [
      "[[ 2.63973005e-02+0.00000000e+00j  1.37436051e-03-4.63699774e-02j\n",
      "   7.53328381e-02+1.60906132e-03j  4.04849648e-04-1.18223576e-02j\n",
      "   6.99000799e-02+1.42468499e-03j -6.67970440e-04+1.43699409e-02j\n",
      "   4.34915935e-02+1.29725544e-03j -1.20666619e-03+7.14244618e-02j\n",
      "   7.46961612e-02+1.34947293e-03j -7.04180559e-04+7.61077367e-03j]\n",
      " [ 1.37436051e-03+4.63699774e-02j  8.15258968e-02+0.00000000e+00j\n",
      "   1.09565505e-03+1.32414802e-01j  2.07884458e-02+9.56419206e-05j\n",
      "   1.13668041e-03+1.22861922e-01j -2.52772757e-02-4.25206152e-04j\n",
      "  -1.44173500e-05+7.64656612e-02j -1.25528326e-01+1.59902190e-03j\n",
      "   1.51850428e-03+1.31282888e-01j -1.34058858e-02-8.40725777e-04j]\n",
      " [ 7.53328381e-02-1.60906132e-03j  1.09565505e-03-1.32414802e-01j\n",
      "   2.15083563e-01+0.00000000e+00j  4.34725491e-04-3.37634217e-02j\n",
      "   1.99568273e-01-1.95017974e-04j -1.03033234e-03+4.10497741e-02j\n",
      "   1.24195749e-01+1.05106560e-03j  9.10121025e-04+2.03905282e-01j\n",
