{
 "cells": [
  {
   "cell_type": "code",
   "execution_count": 105,
   "metadata": {},
   "outputs": [],
   "source": [
    "import numpy as np\n",
    "import cvxpy as cp\n",
    "from scipy.linalg import expm, sqrtm\n",
    "import pickle\n",
    "import matplotlib.pyplot as plt\n",
    "import cmath\n",
    "import dynamiqs as dq\n",
    "from qutip import *\n",
    "import math\n",
    "import qutip as qt"
   ]
  },
  {
   "cell_type": "code",
   "execution_count": 95,
   "metadata": {},
   "outputs": [],
   "source": [
    "def fidelity(rho, rho_ref):\n",
    "    # Compute the square root of the reference density matrix.\n",
    "    sqrt_rho_ref = sqrtm(rho_ref)\n",
    "\n",
    "    #Compute the intermediate product sqrt(rho_ref) * rho * sqrt(rho_ref)\n",
    "    intermediate = sqrt_rho_ref @ rho @ sqrt_rho_ref\n",
    "    \n",
    "    #Compute the square root of the intermediate product.\n",
    "    sqrt_intermediate = sqrtm(intermediate)\n",
    "\n",
    "    #Calculate the trace and ensure the result is real (to avoid small imaginary parts).\n",
    "    fidelity_value = np.trace(sqrt_intermediate)\n",
    "    fidelity_value = np.real(fidelity_value)\n",
    "\n",
    "    #Return fidelity squared.\n",
    "    return fidelity_value**2"
   ]
  },
  {
   "cell_type": "code",
   "execution_count": 96,
   "metadata": {},
   "outputs": [],
   "source": [
    "def operator_for_alpha(alpha, n):\n",
    "    a = np.zeros((n, n), dtype=complex)\n",
    "    for j in range(1, n):\n",
    "        a[j - 1, j] = np.sqrt(j)\n",
    "    ad = a.conjugate().T\n",
    "    D_alpha = expm(alpha * ad - np.conjugate(alpha) * a)\n",
    "    P = np.diag([(-1)**j for j in range(n)])  # Fixed exponentiation\n",
    "    DPD = D_alpha @ P @ D_alpha.conjugate().T\n",
    "    I = np.eye(n, dtype=complex)\n",
    "    E_alpha = 0.5 * (I + DPD)\n",
    "    return E_alpha"
   ]
  },
  {
   "cell_type": "code",
   "execution_count": 97,
   "metadata": {},
   "outputs": [],
   "source": [
    "def compute_model_wigner(rho, E_alpha):\n",
    "    p_alpha = cp.real(cp.trace(rho @ E_alpha))\n",
    "    W_model = (2 / np.pi) * (2 * p_alpha - 1)  # Fixed syntax\n",
    "    return W_model"
   ]
  },
  {
   "cell_type": "markdown",
   "metadata": {},
   "source": [
    "## Real Data"
   ]
  },
  {
   "cell_type": "code",
   "execution_count": 116,
   "metadata": {},
   "outputs": [
    {
     "name": "stdout",
     "output_type": "stream",
     "text": [
      "[-0.4        -0.39191919 -0.38383838 -0.37575758 -0.36767677 -0.35959596\n",
      " -0.35151515 -0.34343434 -0.33535354 -0.32727273 -0.31919192 -0.31111111\n",
      " -0.3030303  -0.29494949 -0.28686869 -0.27878788 -0.27070707 -0.26262626\n",
      " -0.25454545 -0.24646465 -0.23838384 -0.23030303 -0.22222222 -0.21414141\n",
      " -0.20606061 -0.1979798  -0.18989899 -0.18181818 -0.17373737 -0.16565657\n",
      " -0.15757576 -0.14949495 -0.14141414 -0.13333333 -0.12525253 -0.11717172\n",
      " -0.10909091 -0.1010101  -0.09292929 -0.08484848 -0.07676768 -0.06868687\n",
      " -0.06060606 -0.05252525 -0.04444444 -0.03636364 -0.02828283 -0.02020202\n",
      " -0.01212121 -0.0040404   0.0040404   0.01212121  0.02020202  0.02828283\n",
      "  0.03636364  0.04444444  0.05252525  0.06060606  0.06868687  0.07676768\n",
      "  0.08484848  0.09292929  0.1010101   0.10909091  0.11717172  0.12525253\n",
      "  0.13333333  0.14141414  0.14949495  0.15757576  0.16565657  0.17373737\n",
      "  0.18181818  0.18989899  0.1979798   0.20606061  0.21414141  0.22222222\n",
      "  0.23030303  0.23838384  0.24646465  0.25454545  0.26262626  0.27070707\n",
      "  0.27878788  0.28686869  0.29494949  0.3030303   0.31111111  0.31919192\n",
      "  0.32727273  0.33535354  0.34343434  0.35151515  0.35959596  0.36767677\n",
      "  0.37575758  0.38383838  0.39191919  0.4       ] [-0.4        -0.39191919 -0.38383838 -0.37575758 -0.36767677 -0.35959596\n",
      " -0.35151515 -0.34343434 -0.33535354 -0.32727273 -0.31919192 -0.31111111\n",
      " -0.3030303  -0.29494949 -0.28686869 -0.27878788 -0.27070707 -0.26262626\n",
      " -0.25454545 -0.24646465 -0.23838384 -0.23030303 -0.22222222 -0.21414141\n",
      " -0.20606061 -0.1979798  -0.18989899 -0.18181818 -0.17373737 -0.16565657\n",
      " -0.15757576 -0.14949495 -0.14141414 -0.13333333 -0.12525253 -0.11717172\n",
      " -0.10909091 -0.1010101  -0.09292929 -0.08484848 -0.07676768 -0.06868687\n",
      " -0.06060606 -0.05252525 -0.04444444 -0.03636364 -0.02828283 -0.02020202\n",
      " -0.01212121 -0.0040404   0.0040404   0.01212121  0.02020202  0.02828283\n",
      "  0.03636364  0.04444444  0.05252525  0.06060606  0.06868687  0.07676768\n",
      "  0.08484848  0.09292929  0.1010101   0.10909091  0.11717172  0.12525253\n",
      "  0.13333333  0.14141414  0.14949495  0.15757576  0.16565657  0.17373737\n",
      "  0.18181818  0.18989899  0.1979798   0.20606061  0.21414141  0.22222222\n",
      "  0.23030303  0.23838384  0.24646465  0.25454545  0.26262626  0.27070707\n",
      "  0.27878788  0.28686869  0.29494949  0.3030303   0.31111111  0.31919192\n",
      "  0.32727273  0.33535354  0.34343434  0.35151515  0.35959596  0.36767677\n",
      "  0.37575758  0.38383838  0.39191919  0.4       ] [[-0.01540593  0.00845651 -0.01069751 ...  0.0044436   0.01377636\n",
      "  -0.01771732]\n",
      " [-0.00712651  0.020308    0.00827874 ...  0.00342832  0.0052629\n",
      "   0.01071538]\n",
      " [ 0.01331536 -0.00372868 -0.01349125 ... -0.01186144  0.00941806\n",
      "   0.00521707]\n",
      " ...\n",
      " [ 0.01214651  0.01636296 -0.01891001 ...  0.01832884  0.01617935\n",
      "  -0.0199985 ]\n",
      " [ 0.00754274 -0.01441213 -0.00515361 ...  0.01360354  0.0146936\n",
      "  -0.01903264]\n",
      " [ 0.02090576  0.00926988  0.01773807 ... -0.00443857 -0.01995209\n",
      "  -0.02982026]]\n",
      "100 100 100\n"
     ]
    }
   ],
   "source": [
    "file_path = \"data/wigner_fock_zero.pickle\"  # Update this if needed\n",
    "with open(file_path, \"rb\") as f:\n",
    "    data = pickle.load(f)\n",
    "\n",
    "x = data[0]  # 1D array for Re(α)\n",
    "y = data[1]  # 1D array for Im(α)\n",
    "W = data[2]  # 2D array for Wigner function values\n",
    "print(x,y,W)\n",
    "print(len(x),len(y),len(W))"
   ]
  },
  {
   "cell_type": "markdown",
   "metadata": {},
   "source": [
    "## Simulated Data"
   ]
  },
  {
   "cell_type": "markdown",
   "metadata": {},
   "source": [
    "### fock zero"
   ]
  },
  {
   "cell_type": "code",
   "execution_count": 99,
   "metadata": {},
   "outputs": [
    {
     "name": "stdout",
     "output_type": "stream",
     "text": [
      "[-3.         -2.93939394 -2.87878788 -2.81818182 -2.75757576 -2.6969697\n",
      " -2.63636364 -2.57575758 -2.51515152 -2.45454545 -2.39393939 -2.33333333\n",
      " -2.27272727 -2.21212121 -2.15151515 -2.09090909 -2.03030303 -1.96969697\n",
      " -1.90909091 -1.84848485 -1.78787879 -1.72727273 -1.66666667 -1.60606061\n",
      " -1.54545455 -1.48484848 -1.42424242 -1.36363636 -1.3030303  -1.24242424\n",
      " -1.18181818 -1.12121212 -1.06060606 -1.         -0.93939394 -0.87878788\n",
      " -0.81818182 -0.75757576 -0.6969697  -0.63636364 -0.57575758 -0.51515152\n",
      " -0.45454545 -0.39393939 -0.33333333 -0.27272727 -0.21212121 -0.15151515\n",
      " -0.09090909 -0.03030303  0.03030303  0.09090909  0.15151515  0.21212121\n",
      "  0.27272727  0.33333333  0.39393939  0.45454545  0.51515152  0.57575758\n",
      "  0.63636364  0.6969697   0.75757576  0.81818182  0.87878788  0.93939394\n",
      "  1.          1.06060606  1.12121212  1.18181818  1.24242424  1.3030303\n",
      "  1.36363636  1.42424242  1.48484848  1.54545455  1.60606061  1.66666667\n",
      "  1.72727273  1.78787879  1.84848485  1.90909091  1.96969697  2.03030303\n",
      "  2.09090909  2.15151515  2.21212121  2.27272727  2.33333333  2.39393939\n",
      "  2.45454545  2.51515152  2.57575758  2.63636364  2.6969697   2.75757576\n",
      "  2.81818182  2.87878788  2.93939394  3.        ] [-3.         -2.93939394 -2.87878788 -2.81818182 -2.75757576 -2.6969697\n",
      " -2.63636364 -2.57575758 -2.51515152 -2.45454545 -2.39393939 -2.33333333\n",
      " -2.27272727 -2.21212121 -2.15151515 -2.09090909 -2.03030303 -1.96969697\n",
      " -1.90909091 -1.84848485 -1.78787879 -1.72727273 -1.66666667 -1.60606061\n",
      " -1.54545455 -1.48484848 -1.42424242 -1.36363636 -1.3030303  -1.24242424\n",
      " -1.18181818 -1.12121212 -1.06060606 -1.         -0.93939394 -0.87878788\n",
      " -0.81818182 -0.75757576 -0.6969697  -0.63636364 -0.57575758 -0.51515152\n",
      " -0.45454545 -0.39393939 -0.33333333 -0.27272727 -0.21212121 -0.15151515\n",
      " -0.09090909 -0.03030303  0.03030303  0.09090909  0.15151515  0.21212121\n",
      "  0.27272727  0.33333333  0.39393939  0.45454545  0.51515152  0.57575758\n",
      "  0.63636364  0.6969697   0.75757576  0.81818182  0.87878788  0.93939394\n",
      "  1.          1.06060606  1.12121212  1.18181818  1.24242424  1.3030303\n",
      "  1.36363636  1.42424242  1.48484848  1.54545455  1.60606061  1.66666667\n",
      "  1.72727273  1.78787879  1.84848485  1.90909091  1.96969697  2.03030303\n",
      "  2.09090909  2.15151515  2.21212121  2.27272727  2.33333333  2.39393939\n",
      "  2.45454545  2.51515152  2.57575758  2.63636364  2.6969697   2.75757576\n",
      "  2.81818182  2.87878788  2.93939394  3.        ] [[1.69674859e-07 2.38188757e-07 3.31919761e-07 ... 3.31919761e-07\n",
      "  2.38188757e-07 1.69674859e-07]\n",
      " [2.38188757e-07 3.34220765e-07 4.65532008e-07 ... 4.65532008e-07\n",
      "  3.34220765e-07 2.38188757e-07]\n",
      " [3.31919761e-07 4.65532008e-07 6.48135061e-07 ... 6.48135061e-07\n",
      "  4.65532008e-07 3.31919761e-07]\n",
      " ...\n",
      " [3.31919761e-07 4.65532008e-07 6.48135061e-07 ... 6.48135061e-07\n",
      "  4.65532008e-07 3.31919761e-07]\n",
      " [2.38188757e-07 3.34220765e-07 4.65532008e-07 ... 4.65532008e-07\n",
      "  3.34220765e-07 2.38188757e-07]\n",
      " [1.69674859e-07 2.38188757e-07 3.31919761e-07 ... 3.31919761e-07\n",
      "  2.38188757e-07 1.69674859e-07]]\n",
      "100 100 100\n"
     ]
    }
   ],
   "source": [
    "N = 10      # Hilbert space dimension (must be > n)\n",
    "n = 1       # Fock state to visualize\n",
    "x = np.linspace(-3, 3, 100)\n",
    "y = np.linspace(-3, 3, 100)\n",
    "\n",
    "# Step 2: Create state\n",
    "fock_state = fock(N, n)\n",
    "\n",
    "# Step 3: Compute the Wigner function\n",
    "W = wigner(fock_state, x, y)\n",
    "print(x,y,W)\n",
    "print(len(x),len(y),len(W))"
   ]
  },
  {
   "cell_type": "markdown",
   "metadata": {},
   "source": [
    "### coherent"
   ]
  },
  {
   "cell_type": "code",
   "execution_count": 100,
   "metadata": {},
   "outputs": [
    {
     "name": "stdout",
     "output_type": "stream",
     "text": [
      "[-3.         -2.93939394 -2.87878788 -2.81818182 -2.75757576 -2.6969697\n",
      " -2.63636364 -2.57575758 -2.51515152 -2.45454545 -2.39393939 -2.33333333\n",
      " -2.27272727 -2.21212121 -2.15151515 -2.09090909 -2.03030303 -1.96969697\n",
      " -1.90909091 -1.84848485 -1.78787879 -1.72727273 -1.66666667 -1.60606061\n",
      " -1.54545455 -1.48484848 -1.42424242 -1.36363636 -1.3030303  -1.24242424\n",
      " -1.18181818 -1.12121212 -1.06060606 -1.         -0.93939394 -0.87878788\n",
      " -0.81818182 -0.75757576 -0.6969697  -0.63636364 -0.57575758 -0.51515152\n",
      " -0.45454545 -0.39393939 -0.33333333 -0.27272727 -0.21212121 -0.15151515\n",
      " -0.09090909 -0.03030303  0.03030303  0.09090909  0.15151515  0.21212121\n",
      "  0.27272727  0.33333333  0.39393939  0.45454545  0.51515152  0.57575758\n",
      "  0.63636364  0.6969697   0.75757576  0.81818182  0.87878788  0.93939394\n",
      "  1.          1.06060606  1.12121212  1.18181818  1.24242424  1.3030303\n",
      "  1.36363636  1.42424242  1.48484848  1.54545455  1.60606061  1.66666667\n",
      "  1.72727273  1.78787879  1.84848485  1.90909091  1.96969697  2.03030303\n",
      "  2.09090909  2.15151515  2.21212121  2.27272727  2.33333333  2.39393939\n",
      "  2.45454545  2.51515152  2.57575758  2.63636364  2.6969697   2.75757576\n",
      "  2.81818182  2.87878788  2.93939394  3.        ] [-3.         -2.93939394 -2.87878788 -2.81818182 -2.75757576 -2.6969697\n",
      " -2.63636364 -2.57575758 -2.51515152 -2.45454545 -2.39393939 -2.33333333\n",
      " -2.27272727 -2.21212121 -2.15151515 -2.09090909 -2.03030303 -1.96969697\n",
      " -1.90909091 -1.84848485 -1.78787879 -1.72727273 -1.66666667 -1.60606061\n",
      " -1.54545455 -1.48484848 -1.42424242 -1.36363636 -1.3030303  -1.24242424\n",
      " -1.18181818 -1.12121212 -1.06060606 -1.         -0.93939394 -0.87878788\n",
      " -0.81818182 -0.75757576 -0.6969697  -0.63636364 -0.57575758 -0.51515152\n",
      " -0.45454545 -0.39393939 -0.33333333 -0.27272727 -0.21212121 -0.15151515\n",
      " -0.09090909 -0.03030303  0.03030303  0.09090909  0.15151515  0.21212121\n",
      "  0.27272727  0.33333333  0.39393939  0.45454545  0.51515152  0.57575758\n",
      "  0.63636364  0.6969697   0.75757576  0.81818182  0.87878788  0.93939394\n",
      "  1.          1.06060606  1.12121212  1.18181818  1.24242424  1.3030303\n",
      "  1.36363636  1.42424242  1.48484848  1.54545455  1.60606061  1.66666667\n",
      "  1.72727273  1.78787879  1.84848485  1.90909091  1.96969697  2.03030303\n",
      "  2.09090909  2.15151515  2.21212121  2.27272727  2.33333333  2.39393939\n",
      "  2.45454545  2.51515152  2.57575758  2.63636364  2.6969697   2.75757576\n",
      "  2.81818182  2.87878788  2.93939394  3.        ] [[8.23777756e-09 8.43324683e-09 8.38221228e-09 ... 2.62139863e-06\n",
      "  2.28439787e-06 1.99486719e-06]\n",
      " [9.10605014e-09 9.38946088e-09 9.45912529e-09 ... 4.13167184e-06\n",
      "  3.57076148e-06 3.08847964e-06]\n",
      " [1.01475945e-08 1.06265076e-08 1.09751683e-08 ... 6.35066709e-06\n",
      "  5.45520347e-06 4.68456255e-06]\n",
      " ...\n",
      " [1.01475945e-08 1.06265076e-08 1.09751683e-08 ... 6.35066709e-06\n",
      "  5.45520347e-06 4.68456255e-06]\n",
      " [9.10605014e-09 9.38946088e-09 9.45912529e-09 ... 4.13167184e-06\n",
      "  3.57076148e-06 3.08847964e-06]\n",
      " [8.23777756e-09 8.43324683e-09 8.38221228e-09 ... 2.62139863e-06\n",
      "  2.28439787e-06 1.99486719e-06]]\n",
      "100 100 100\n"
     ]
    }
   ],
   "source": [
    "N = 10      # Hilbert space dimension (must be > n)\n",
    "n = 1       # Fock state to visualize\n",
    "x = np.linspace(-3, 3, 100)\n",
    "y = np.linspace(-3, 3, 100)\n",
    "\n",
    "# Step 2: Create state\n",
    "coherent_state = coherent(N,alpha=1.0)\n",
    "\n",
    "# Step 3: Compute the Wigner function\n",
    "W = wigner(coherent_state, x, y)\n",
    "print(x,y,W)\n",
    "print(len(x),len(y),len(W))"
   ]
  },
  {
   "cell_type": "code",
   "execution_count": 117,
   "metadata": {},
   "outputs": [
    {
     "name": "stdout",
     "output_type": "stream",
     "text": [
      "[-0.4       -0.4j -0.39191919-0.4j -0.38383838-0.4j ...  0.38383838+0.4j\n",
      "  0.39191919+0.4j  0.4       +0.4j]\n",
      "[-0.01540593  0.00845651 -0.01069751 ... -0.00443857 -0.01995209\n",
      " -0.02982026]\n",
      "10000\n",
      "10000\n"
     ]
    }
   ],
   "source": [
    "alpha = np.zeros(len(x)*len(y),dtype=complex)\n",
    "for i in range(len(y)):\n",
    "    for k in range(len(x)):\n",
    "        alpha[i*len(y)+k]=x[k]+y[i]*1j\n",
    "    \n",
    "w = np.zeros(len(x)*len(y))\n",
    "for i in range(len(y)):\n",
    "    for k in range(len(x)):\n",
    "        w[i*len(y)+k]=W[i][k]\n",
    "\n",
    "print(alpha)\n",
    "print(w)\n",
    "print(len(alpha))\n",
    "print(len(w))"
   ]
  },
  {
   "cell_type": "code",
   "execution_count": null,
   "metadata": {},
   "outputs": [
    {
     "name": "stdout",
     "output_type": "stream",
     "text": [
      "===============================================================================\n",
      "                                     CVXPY                                     \n",
      "                                     v1.6.5                                    \n",
      "===============================================================================\n",
      "(CVXPY) Apr 13 06:54:39 AM: Your problem has 100 variables, 201 constraints, and 0 parameters.\n"
     ]
    },
    {
     "name": "stderr",
     "output_type": "stream",
     "text": [
      "/Users/ivanmendez/Documents/github/Alice-Bob/.venv/lib/python3.11/site-packages/cvxpy/problems/problem.py:158: UserWarning: Objective contains too many subexpressions. Consider vectorizing your CVXPY code to speed up compilation.\n",
      "  warnings.warn(\"Objective contains too many subexpressions. \"\n"
     ]
    },
    {
     "name": "stdout",
     "output_type": "stream",
     "text": [
      "(CVXPY) Apr 13 06:54:40 AM: It is compliant with the following grammars: DCP, DQCP\n",
      "(CVXPY) Apr 13 06:54:40 AM: (If you need to solve this problem multiple times, but with different data, consider using parameters.)\n",
      "(CVXPY) Apr 13 06:54:40 AM: CVXPY will first compile your problem; then, it will invoke a numerical solver to obtain a solution.\n",
      "(CVXPY) Apr 13 06:54:40 AM: Your problem is compiled with the CPP canonicalization backend.\n",
      "-------------------------------------------------------------------------------\n",
      "                                  Compilation                                  \n",
      "-------------------------------------------------------------------------------\n",
      "(CVXPY) Apr 13 06:54:41 AM: Compiling problem (target solver=MOSEK).\n",
      "(CVXPY) Apr 13 06:54:41 AM: Reduction chain: Complex2Real -> Dcp2Cone -> CvxAttr2Constr -> ConeMatrixStuffing -> MOSEK\n",
      "(CVXPY) Apr 13 06:54:41 AM: Applying reduction Complex2Real\n",
      "(CVXPY) Apr 13 06:54:44 AM: Applying reduction Dcp2Cone\n",
      "(CVXPY) Apr 13 06:54:48 AM: Applying reduction CvxAttr2Constr\n",
      "(CVXPY) Apr 13 06:54:49 AM: Applying reduction ConeMatrixStuffing\n",
      "(CVXPY) Apr 13 06:57:48 AM: Applying reduction MOSEK\n",
      "(CVXPY) Apr 13 06:57:52 AM: Finished problem compilation (took 1.915e+02 seconds).\n",
      "-------------------------------------------------------------------------------\n",
      "                                Numerical solver                               \n",
      "-------------------------------------------------------------------------------\n",
      "(CVXPY) Apr 13 06:57:52 AM: Invoking solver MOSEK  to obtain a solution.\n",
      "\n",
      "\n",
      "(CVXPY) Apr 13 06:57:52 AM: Problem\n",
      "(CVXPY) Apr 13 06:57:52 AM:   Name                   :                 \n",
      "(CVXPY) Apr 13 06:57:52 AM:   Objective sense        : maximize        \n",
      "(CVXPY) Apr 13 06:57:52 AM:   Type                   : CONIC (conic optimization problem)\n",
      "(CVXPY) Apr 13 06:57:52 AM:   Constraints            : 10200           \n",
      "(CVXPY) Apr 13 06:57:52 AM:   Affine conic cons.     : 0               \n",
      "(CVXPY) Apr 13 06:57:52 AM:   Disjunctive cons.      : 0               \n",
      "(CVXPY) Apr 13 06:57:52 AM:   Cones                  : 10000           \n",
      "(CVXPY) Apr 13 06:57:52 AM:   Scalar variables       : 30202           \n",
      "(CVXPY) Apr 13 06:57:52 AM:   Matrix variables       : 1 (scalarized: 210)\n",
      "(CVXPY) Apr 13 06:57:52 AM:   Integer variables      : 0               \n",
      "(CVXPY) Apr 13 06:57:52 AM: \n",
      "(CVXPY) Apr 13 06:57:52 AM: Optimizer started.\n",
      "(CVXPY) Apr 13 06:57:52 AM: Presolve started.\n",
      "(CVXPY) Apr 13 06:57:52 AM: Linear dependency checker started.\n",
      "(CVXPY) Apr 13 06:57:52 AM: Linear dependency checker terminated.\n",
      "(CVXPY) Apr 13 06:57:52 AM: Eliminator started.\n",
      "(CVXPY) Apr 13 06:57:52 AM: Freed constraints in eliminator : 0\n",
      "(CVXPY) Apr 13 06:57:52 AM: Eliminator terminated.\n",
      "(CVXPY) Apr 13 06:57:53 AM: Eliminator started.\n",
      "(CVXPY) Apr 13 06:57:53 AM: Freed constraints in eliminator : 0\n",
      "(CVXPY) Apr 13 06:57:53 AM: Eliminator terminated.\n",
      "(CVXPY) Apr 13 06:57:53 AM: Eliminator - tries                  : 2                 time                   : 0.00            \n",
      "(CVXPY) Apr 13 06:57:53 AM: Lin. dep.  - tries                  : 1                 time                   : 0.01            \n",
      "(CVXPY) Apr 13 06:57:53 AM: Lin. dep.  - primal attempts        : 1                 successes              : 1               \n",
      "(CVXPY) Apr 13 06:57:53 AM: Lin. dep.  - dual attempts          : 0                 successes              : 0               \n",
      "(CVXPY) Apr 13 06:57:53 AM: Lin. dep.  - primal deps.           : 0                 dual deps.             : 0               \n",
      "(CVXPY) Apr 13 06:57:53 AM: Presolve terminated. Time: 0.17    \n",
      "(CVXPY) Apr 13 06:57:53 AM: Optimizer  - threads                : 8               \n",
      "(CVXPY) Apr 13 06:57:53 AM: Optimizer  - solved problem         : the primal      \n",
      "(CVXPY) Apr 13 06:57:53 AM: Optimizer  - Constraints            : 10190           \n",
      "(CVXPY) Apr 13 06:57:53 AM: Optimizer  - Cones                  : 10001           \n",
      "(CVXPY) Apr 13 06:57:53 AM: Optimizer  - Scalar variables       : 30092             conic                  : 30092           \n",
      "(CVXPY) Apr 13 06:57:53 AM: Optimizer  - Semi-definite variables: 1                 scalarized             : 210             \n",
      "(CVXPY) Apr 13 06:57:53 AM: Factor     - setup time             : 0.34            \n",
      "(CVXPY) Apr 13 06:57:53 AM: Factor     - dense det. time        : 0.00              GP order time          : 0.00            \n",
      "(CVXPY) Apr 13 06:57:53 AM: Factor     - nonzeros before factor : 1.92e+06          after factor           : 1.92e+06        \n",
      "(CVXPY) Apr 13 06:57:53 AM: Factor     - dense dim.             : 0                 flops                  : 1.09e+09        \n",
      "(CVXPY) Apr 13 06:57:53 AM: ITE PFEAS    DFEAS    GFEAS    PRSTATUS   POBJ              DOBJ              MU       TIME  \n",
      "(CVXPY) Apr 13 06:57:53 AM: 0   5.0e-01  1.6e+00  1.0e+04  0.00e+00   -1.000000000e+04  -0.000000000e+00  1.0e+00  0.65  \n",
      "(CVXPY) Apr 13 06:57:53 AM: 1   2.8e-02  8.7e-02  2.4e+02  1.94e-01   -3.244831345e+02  5.086755308e+02   5.6e-02  0.75  \n",
      "(CVXPY) Apr 13 06:57:53 AM: 2   5.0e-03  1.6e-02  1.5e+01  9.77e-01   -8.136622479e+01  7.028685528e+01   1.0e-02  0.84  \n",
      "(CVXPY) Apr 13 06:57:53 AM: 3   3.2e-04  1.0e-03  2.5e-01  9.78e-01   3.267769050e+01   4.249506224e+01   6.4e-04  0.90  \n",
      "(CVXPY) Apr 13 06:57:53 AM: 4   5.7e-08  1.8e-07  4.7e-07  9.98e-01   4.039394161e+01   4.039569635e+01   1.1e-07  1.00  \n",
      "(CVXPY) Apr 13 06:57:53 AM: 5   6.7e-11  2.4e-11  4.5e-13  1.00e+00   4.039536527e+01   4.039536544e+01   1.1e-11  1.06  \n",
      "(CVXPY) Apr 13 06:57:53 AM: Optimizer terminated. Time: 1.08    \n",
      "(CVXPY) Apr 13 06:57:53 AM: \n",
      "(CVXPY) Apr 13 06:57:53 AM: \n",
      "(CVXPY) Apr 13 06:57:53 AM: Interior-point solution summary\n",
      "(CVXPY) Apr 13 06:57:53 AM:   Problem status  : PRIMAL_AND_DUAL_FEASIBLE\n",
      "(CVXPY) Apr 13 06:57:53 AM:   Solution status : OPTIMAL\n",
      "(CVXPY) Apr 13 06:57:53 AM:   Primal.  obj: 4.0395365266e+01    nrm: 3e+02    Viol.  con: 4e-10    var: 0e+00    barvar: 0e+00    cones: 0e+00  \n",
      "(CVXPY) Apr 13 06:57:53 AM:   Dual.    obj: 4.0395365436e+01    nrm: 1e+00    Viol.  con: 0e+00    var: 4e-11    barvar: 2e-11    cones: 0e+00  \n",
      "-------------------------------------------------------------------------------\n",
      "                                    Summary                                    \n",
      "-------------------------------------------------------------------------------\n",
      "(CVXPY) Apr 13 06:57:54 AM: Problem status: optimal\n",
      "(CVXPY) Apr 13 06:57:54 AM: Optimal value: 4.040e+01\n",
      "(CVXPY) Apr 13 06:57:54 AM: Compilation took 1.915e+02 seconds\n",
      "(CVXPY) Apr 13 06:57:54 AM: Solver (including time spent in interface) took 1.670e+00 seconds\n",
      "Optimal loss: 40.39536541039814\n",
      "Reconstructed density matrix rho:\n",
      "[[ 8.31597723e-02+0.00000000e+00j -2.58195303e-10-1.13401019e-09j\n",
      "  -8.84507457e-09+1.35604839e-10j  4.63078168e-11+3.19083271e-10j\n",
      "   2.23360265e-04+1.37673827e-10j  3.94468275e-10-2.61767526e-09j\n",
      "   2.58587715e-09+4.67103140e-10j  3.81100874e-10-1.26435263e-09j\n",
      "  -2.91037206e-04-2.48448754e-11j  1.07038873e-18+2.77003362e-17j]\n",
      " [-2.58195303e-10+1.13401019e-09j  1.47769801e-01+0.00000000e+00j\n",
      "   3.01845498e-10-7.13576444e-10j -4.02913159e-09+3.68745198e-10j\n",
      "   1.47177861e-10-3.35135220e-09j  7.47964248e-04+6.71835336e-10j\n",
      "  -3.80435350e-10+2.14676152e-09j  2.61718721e-09-2.05867623e-10j\n",
      "  -1.07791607e-09+3.57612911e-09j  1.33327260e-03-8.28160163e-12j]\n",
      " [-8.84507457e-09-1.35604840e-10j  3.01845498e-10+7.13576440e-10j\n",
      "   1.36703018e-01+0.00000000e+00j -1.20851743e-10+5.17304246e-09j\n",
      "  -3.13373855e-09-1.96348660e-10j -3.05609510e-10+4.71588880e-09j\n",
      "  -2.78775309e-03+2.16669103e-10j -3.84222195e-10+3.96324812e-09j\n",
      "  -5.04986955e-10+9.26720746e-10j -5.71651346e-10+1.89652878e-09j]\n",
      " [ 4.63078168e-11-3.19083276e-10j -4.02913159e-09-3.68745196e-10j\n",
      "  -1.20851743e-10-5.17304247e-09j  6.99952741e-02+0.00000000e+00j\n",
      "  -5.70348583e-11-7.29517479e-09j -6.81318441e-09+3.06145719e-10j\n",
      "   1.02197625e-10+1.04674692e-09j  1.83024824e-03-4.24954809e-10j\n",
      "  -4.59159988e-10+1.43937073e-09j -7.64928978e-10+6.45436471e-10j]\n",
      " [ 2.23360265e-04-1.37673827e-10j  1.47177861e-10+3.35135221e-09j\n",
      "  -3.13373855e-09+1.96348660e-10j -5.70348583e-11+7.29517479e-09j\n",
      "   6.79541985e-02+0.00000000e+00j -1.40514925e-10-3.96419902e-10j\n",
      "  -7.42212498e-09+6.10239712e-10j -3.53427533e-10-1.17316794e-09j\n",
      "  -3.05287385e-03-1.95327774e-10j -2.67408415e-10+4.32540561e-11j]\n",
      " [ 3.94468275e-10+2.61767526e-09j  7.47964248e-04-6.71835336e-10j\n",
      "  -3.05609510e-10-4.71588880e-09j -6.81318441e-09-3.06145720e-10j\n",
      "  -1.40514925e-10+3.96419909e-10j  8.41455293e-02+0.00000000e+00j\n",
      "   1.35439570e-10+7.73710215e-09j -8.47713154e-09-2.47576165e-10j\n",
      "   4.12614169e-10-6.21771921e-09j  4.31579691e-03+3.15722237e-11j]\n",
      " [ 2.58587715e-09-4.67103140e-10j -3.80435350e-10-2.14676152e-09j\n",
      "  -2.78775309e-03-2.16669104e-10j  1.02197625e-10-1.04674692e-09j\n",
      "  -7.42212498e-09-6.10239712e-10j  1.35439570e-10-7.73710215e-09j\n",
      "   1.03974372e-01+0.00000000e+00j  3.10297024e-10+4.82515081e-09j\n",
      "  -4.54141142e-09-4.61782254e-10j  7.47411425e-10-6.20198572e-09j]\n",
      " [ 3.81100874e-10+1.26435263e-09j  2.61718721e-09+2.05867624e-10j\n",
      "  -3.84222195e-10-3.96324813e-09j  1.83024824e-03+4.24954810e-10j\n",
      "  -3.53427533e-10+1.17316794e-09j -8.47713154e-09+2.47576164e-10j\n",
      "   3.10297024e-10-4.82515081e-09j  1.06373515e-01+0.00000000e+00j\n",
      "   6.56351158e-10-5.35232039e-09j -3.21142266e-10-1.49614912e-10j]\n",
      " [-2.91037206e-04+2.48448757e-11j -1.07791607e-09-3.57612911e-09j\n",
      "  -5.04986955e-10-9.26720746e-10j -4.59159988e-10-1.43937073e-09j\n",
      "  -3.05287385e-03+1.95327774e-10j  4.12614169e-10+6.21771921e-09j\n",
      "  -4.54141142e-09+4.61782253e-10j  6.56351158e-10+5.35232039e-09j\n",
      "   1.02942446e-01+0.00000000e+00j  8.20584139e-10-1.04972947e-08j]\n",
      " [ 1.07038873e-18-2.75654578e-17j  1.33327260e-03+8.28160123e-12j\n",
      "  -5.71651346e-10-1.89652878e-09j -7.64928978e-10-6.45436471e-10j\n",
      "  -2.67408415e-10-4.32540519e-11j  4.31579691e-03-3.15722234e-11j\n",
      "   7.47411425e-10+6.20198572e-09j -3.21142266e-10+1.49614912e-10j\n",
      "   8.20584139e-10+1.04972947e-08j  9.69820731e-02+0.00000000e+00j]]\n",
      "Fidelity between rho and rho_ref: 0.08315977233413464\n"
     ]
    }
   ],
   "source": [
    "N = 10\n",
    "alpha_list = alpha\n",
    "# Simulated Wigner values for a vacuum state\n",
    "wigner_measured = w\n",
    "\n",
    "# Define optimization variable\n",
    "rho = cp.Variable((N, N), complex=True)\n",
    "\n",
    "# Constraints: rho is Hermitian, positive semi-definite, and trace 1\n",
    "constraints = [rho >> 0, cp.trace(rho) == 1, rho == rho.H]\n",
    "\n",
    "# Construct loss function\n",
    "loss_terms = []\n",
    "for alpha, W_meas in zip(alpha_list, wigner_measured):\n",
    "    E_alpha = operator_for_alpha(alpha, n)\n",
    "    W_model = compute_model_wigner(rho, E_alpha)\n",
    "    loss_terms.append(cp.square(W_model - W_meas))\n",
    "loss = cp.sum(loss_terms)\n",
    "\n",
    "# Solve the optimization problem\n",
    "prob = cp.Problem(cp.Minimize(loss), constraints)\n",
    "result = prob.solve(solver=cp.MOSEK, verbose=True)  # You can replace SCS with MOSEK if installed\n",
    "\n",
    "print(\"Optimal loss:\", loss.value)\n",
    "print(\"Reconstructed density matrix rho:\")\n",
    "print(rho.value)"
   ]
  },
  {
   "cell_type": "code",
   "execution_count": 118,
   "metadata": {},
   "outputs": [
    {
     "name": "stdout",
     "output_type": "stream",
     "text": [
      "Optimal objective value (sum of squared residuals): 0.15700910017483713\n",
      "Reconstructed density matrix rho:\n",
      "[[ 2.63973004e-02+0.00000000e+00j  1.37436050e-03-4.63699773e-02j\n",
      "   7.53328379e-02+1.60906131e-03j  4.04849647e-04-1.18223576e-02j\n",
      "   6.99000797e-02+1.42468498e-03j -6.67970439e-04+1.43699409e-02j\n",
      "   4.34915934e-02+1.29725543e-03j -1.20666619e-03+7.14244616e-02j\n",
      "   7.46961609e-02+1.34947293e-03j -7.04180557e-04+7.61077364e-03j]\n",
      " [ 1.37436050e-03+4.63699773e-02j  8.15258965e-02+0.00000000e+00j\n",
      "   1.09565505e-03+1.32414802e-01j  2.07884457e-02+9.56419203e-05j\n",
      "   1.13668040e-03+1.22861921e-01j -2.52772757e-02-4.25206151e-04j\n",
      "  -1.44173499e-05+7.64656610e-02j -1.25528326e-01+1.59902190e-03j\n",
      "   1.51850427e-03+1.31282888e-01j -1.34058857e-02-8.40725774e-04j]\n",
      " [ 7.53328379e-02-1.60906131e-03j  1.09565505e-03-1.32414802e-01j\n",
      "   2.15083562e-01+0.00000000e+00j  4.34725490e-04-3.37634216e-02j\n",
      "   1.99568272e-01-1.95017973e-04j -1.03033234e-03+4.10497739e-02j\n",
      "   1.24195749e-01+1.05106559e-03j  9.10121022e-04+2.03905282e-01j\n",
      "   2.13250788e-01-7.02006062e-04j -1.54567777e-03+2.17626118e-02j]\n",
      " [ 4.04849647e-04+1.18223576e-02j  2.07884457e-02-9.56419203e-05j\n",
      "   4.34725490e-04+3.37634216e-02j  5.30099814e-03+0.00000000e+00j\n",
      "   4.33979665e-04+3.13274645e-02j -6.44600095e-03-7.87701564e-05j\n",
      "   8.60293757e-05+1.94981456e-02j -3.20068375e-02+5.55001460e-04j\n",
      "   5.41220936e-04+3.34742973e-02j -3.41937743e-03-1.98651286e-04j]\n",
      " [ 6.99000797e-02-1.42468498e-03j  1.13668040e-03-1.22861921e-01j\n",
      "   1.99568272e-01+1.95017973e-04j  4.33979665e-04-3.13274645e-02j\n",
      "   1.85172375e-01+0.00000000e+00j -9.93228263e-04+3.80876678e-02j\n",
      "   1.15235797e-01+1.08785520e-03j  6.59585669e-04+1.89197176e-01j\n",
      "   1.97868349e-01-4.58009842e-04j -1.45391076e-03+2.01913435e-02j]\n",
      " [-6.67970439e-04-1.43699409e-02j -2.52772757e-02+4.25206151e-04j\n",
      "  -1.03033234e-03-4.10497739e-02j -6.44600095e-03+7.87701564e-05j\n",
      "  -9.93228263e-04-3.80876678e-02j  7.83949032e-03+0.00000000e+00j\n",
      "  -3.94343888e-04-2.37084160e-02j  3.89119839e-02-1.15048512e-03j\n",
      "  -1.15553374e-03-4.06966161e-02j  4.16090639e-03+1.90749265e-04j]\n",
      " [ 4.34915934e-02-1.29725543e-03j -1.44173499e-05-7.64656610e-02j\n",
      "   1.24195749e-01-1.05106559e-03j  8.60293757e-05-1.94981456e-02j\n",
      "   1.15235797e-01-1.08785520e-03j -3.94343888e-04+2.37084160e-02j\n",
      "   7.17195161e-02+0.00000000e+00j  1.52197146e-03+1.17736628e-01j\n",
      "   1.23134021e-01-1.44746887e-03j -7.86172070e-04+1.25739411e-02j]\n",
      " [-1.20666619e-03-7.14244616e-02j -1.25528326e-01-1.59902190e-03j\n",
      "   9.10121022e-04-2.03905282e-01j -3.20068375e-02-5.55001460e-04j\n",
      "   6.59585669e-04-1.89197176e-01j  3.89119839e-02+1.15048512e-03j\n",
      "   1.52197146e-03-1.17736628e-01j  1.93311821e-01+0.00000000e+00j\n",
      "   2.36844377e-04-2.02170746e-01j  2.06250278e-02+1.55743399e-03j]\n",
      " [ 7.46961609e-02-1.34947293e-03j  1.51850427e-03-1.31282888e-01j\n",
      "   2.13250788e-01+7.02006062e-04j  5.41220936e-04-3.34742973e-02j\n",
      "   1.97868349e-01+4.58009842e-04j -1.15553374e-03+4.06966161e-02j\n",
      "   1.23134021e-01+1.44746887e-03j  2.36844377e-04+2.02170746e-01j\n",
      "   2.11435940e-01+0.00000000e+00j -1.60353714e-03+2.15721247e-02j]\n",
      " [-7.04180557e-04-7.61077364e-03j -1.34058857e-02+8.40725774e-04j\n",
      "  -1.54567777e-03-2.17626118e-02j -3.41937743e-03+1.98651286e-04j\n",
      "  -1.45391076e-03-2.01913435e-02j  4.16090639e-03-1.90749265e-04j\n",
      "  -7.86172070e-04-1.25739411e-02j  2.06250278e-02-1.55743399e-03j\n",
      "  -1.60353714e-03-2.15721247e-02j  2.21309674e-03+0.00000000e+00j]]\n"
     ]
    }
   ],
   "source": [
    "# Truncated Hilbert space dimension.\n",
    "N = 10\n",
    "\n",
    "# Number of measurements (sample points)\n",
    "K = 100\n",
    "\n",
    "# ------------------------------\n",
    "# BUILDING THE QUANTUM OPERATORS\n",
    "# ------------------------------\n",
    "# Construct the annihilation operator a (in Fock space basis)\n",
    "a = np.zeros((N, N), dtype=complex)\n",
    "for n in range(N - 1):\n",
    "    a[n, n + 1] = np.sqrt(n + 1)\n",
    "a_dag = a.conj().T\n",
    "\n",
    "# Parity operator: P = exp(i*pi * a^\\dagger a) = diag[(-1)^n]\n",
    "P = np.diag([(-1) ** n for n in range(N)])\n",
    "\n",
    "def displacement(alpha):\n",
    "    \"\"\"\n",
    "    Returns the displacement operator D(alpha) = exp( alpha*a_dag - alpha*.a )\n",
    "    for a given alpha.\n",
    "    \"\"\"\n",
    "    # Note: if alpha is real, then np.conjugate(alpha)==alpha.\n",
    "    return expm(alpha * a_dag - np.conjugate(alpha) * a)\n",
    "\n",
    "# Precompute the measurement observables E_alpha = 1/2*(I + D(alpha) P D(alpha)^\\dagger)\n",
    "E_list = []\n",
    "I_N = np.eye(N)\n",
    "for alp in alpha:\n",
    "    D_alpha = displacement(alp)\n",
    "    # Construct E_alpha. (Ensure numerical Hermiticity by symmetrizing the matrix.)\n",
    "    E_alpha = 0.5 * (I_N + D_alpha @ P @ D_alpha.conj().T)\n",
    "    E_alpha = 0.5 * (E_alpha + E_alpha.conj().T)  # force Hermitian symmetry\n",
    "    E_list.append(E_alpha)\n",
    "\n",
    "# ------------------------------\n",
    "# SET UP THE OPTIMIZATION PROBLEM\n",
    "# ------------------------------\n",
    "# We use a complex Hermitian variable for the density matrix.\n",
    "rho = cp.Variable((N, N), complex=True)\n",
    "\n",
    "# The constraints are: rho == rho†, rho is positive semidefinite, and trace(rho) = 1.\n",
    "constraints = [\n",
    "    rho == rho.H,      # Hermitian constraint\n",
    "    rho >> 0,          # Positive semidefiniteness (density matrix is PSD)\n",
    "    cp.trace(rho) == 1 # Unit trace\n",
    "]\n",
    "\n",
    "# Build the least-squares objective:\n",
    "# For each measurement, the predicted probability is p_k = Tr(E_k * rho).\n",
    "# We use cp.real(...) to guard against any negligible imaginary parts.\n",
    "residuals = []\n",
    "for k in range(K):\n",
    "    p_k = cp.real(cp.trace(E_list[k] @ rho))\n",
    "    residuals.append(p_k - w[k])\n",
    "# Sum squares of residuals.\n",
    "objective = cp.sum_squares(cp.hstack(residuals))\n",
    "\n",
    "# Define and solve the optimization problem.\n",
    "prob = cp.Problem(cp.Minimize(objective), constraints)\n",
    "result = prob.solve(solver=cp.MOSEK)\n",
    "\n",
    "# ------------------------------\n",
    "# OUTPUT THE RESULTS\n",
    "# ------------------------------\n",
    "print(\"Optimal objective value (sum of squared residuals):\", result)\n",
    "print(\"Reconstructed density matrix rho:\")\n",
    "print(rho.value)"
   ]
  },
  {
   "cell_type": "code",
   "execution_count": 114,
   "metadata": {},
   "outputs": [
    {
     "name": "stdout",
     "output_type": "stream",
     "text": [
      "[[3.67879441e-01+0.j 3.67879441e-01+0.j 2.60130048e-01+0.j\n",
      "  1.50186153e-01+0.j 7.50930765e-02+0.j 3.35826447e-02+0.j\n",
      "  1.37100573e-02+0.j 5.18191458e-03+0.j 1.83208347e-03+0.j\n",
      "  6.10694490e-04+0.j]\n",
      " [3.67879441e-01+0.j 3.67879441e-01+0.j 2.60130048e-01+0.j\n",
      "  1.50186153e-01+0.j 7.50930765e-02+0.j 3.35826447e-02+0.j\n",
      "  1.37100573e-02+0.j 5.18191458e-03+0.j 1.83208347e-03+0.j\n",
      "  6.10694490e-04+0.j]\n",
      " [2.60130048e-01+0.j 2.60130048e-01+0.j 1.83939721e-01+0.j\n",
      "  1.06197647e-01+0.j 5.30988236e-02+0.j 2.37465158e-02+0.j\n",
      "  9.69447449e-03+0.j 3.66416694e-03+0.j 1.29547865e-03+0.j\n",
      "  4.31826215e-04+0.j]\n",
      " [1.50186153e-01+0.j 1.50186153e-01+0.j 1.06197647e-01+0.j\n",
      "  6.13132402e-02+0.j 3.06566201e-02+0.j 1.37100573e-02+0.j\n",
      "  5.59710745e-03+0.j 2.11550777e-03+0.j 7.47944945e-04+0.j\n",
      "  2.49314982e-04+0.j]\n",
      " [7.50930765e-02+0.j 7.50930765e-02+0.j 5.30988236e-02+0.j\n",
      "  3.06566201e-02+0.j 1.53283100e-02+0.j 6.85502865e-03+0.j\n",
      "  2.79855373e-03+0.j 1.05775388e-03+0.j 3.73972472e-04+0.j\n",
      "  1.24657491e-04+0.j]\n",
      " [3.35826447e-02+0.j 3.35826447e-02+0.j 2.37465158e-02+0.j\n",
      "  1.37100573e-02+0.j 6.85502865e-03+0.j 3.06566201e-03+0.j\n",
      "  1.25155127e-03+0.j 4.73041918e-04+0.j 1.67245574e-04+0.j\n",
      "  5.57485247e-05+0.j]\n",
      " [1.37100573e-02+0.j 1.37100573e-02+0.j 9.69447449e-03+0.j\n",
      "  5.59710745e-03+0.j 2.79855373e-03+0.j 1.25155127e-03+0.j\n",
      "  5.10943668e-04+0.j 1.93118554e-04+0.j 6.82777197e-05+0.j\n",
      "  2.27592399e-05+0.j]\n",
      " [5.18191458e-03+0.j 5.18191458e-03+0.j 3.66416694e-03+0.j\n",
      "  2.11550777e-03+0.j 1.05775388e-03+0.j 4.73041918e-04+0.j\n",
      "  1.93118554e-04+0.j 7.29919526e-05+0.j 2.58065523e-05+0.j\n",
      "  8.60218411e-06+0.j]\n",
      " [1.83208347e-03+0.j 1.83208347e-03+0.j 1.29547865e-03+0.j\n",
      "  7.47944945e-04+0.j 3.73972472e-04+0.j 1.67245574e-04+0.j\n",
      "  6.82777197e-05+0.j 2.58065523e-05+0.j 9.12399408e-06+0.j\n",
      "  3.04133136e-06+0.j]\n",
      " [6.10694490e-04+0.j 6.10694490e-04+0.j 4.31826215e-04+0.j\n",
      "  2.49314982e-04+0.j 1.24657491e-04+0.j 5.57485247e-05+0.j\n",
      "  2.27592399e-05+0.j 8.60218411e-06+0.j 3.04133136e-06+0.j\n",
      "  1.01377712e-06+0.j]]\n",
      "[[3.67879441e-01+0.j 3.67879441e-01+0.j 2.60130048e-01+0.j\n",
      "  1.50186153e-01+0.j 7.50930765e-02+0.j 3.35826447e-02+0.j\n",
      "  1.37100573e-02+0.j 5.18191458e-03+0.j 1.83208347e-03+0.j\n",
      "  6.10694490e-04+0.j]\n",
      " [3.67879441e-01+0.j 3.67879441e-01+0.j 2.60130048e-01+0.j\n",
      "  1.50186153e-01+0.j 7.50930765e-02+0.j 3.35826447e-02+0.j\n",
      "  1.37100573e-02+0.j 5.18191458e-03+0.j 1.83208347e-03+0.j\n",
      "  6.10694490e-04+0.j]\n",
      " [2.60130048e-01+0.j 2.60130048e-01+0.j 1.83939721e-01+0.j\n",
